DATASET = co2020 case challenge part
NAME = tools over distance over vehicle days over vehicles with 200 requests over 15 days

DAY = 1
1	R	0	18	68	169	39	10	44	0	

DAY = 2
1	R	0	-18	62	0	40	-68	0	
2	R	0	135	56	59	0	
3	R	0	194	-10	0	
4	R	0	157	158	0	
5	R	0	87	0	
6	R	0	38	187	131	0	
7	R	0	83	0	

DAY = 3
1	R	0	29	43	177	86	95	0	
2	R	0	46	55	-39	132	-131	0	
3	R	0	152	0	
4	R	0	115	172	-157	160	-87	0	
5	R	0	30	-187	0	
6	R	0	11	0	
7	R	0	114	-56	0	198	0	
8	R	0	67	197	-62	81	63	183	0	
9	R	0	193	106	0	

DAY = 4
1	R	0	110	-135	-67	199	145	-169	0	
2	R	0	69	0	
3	R	0	105	80	-46	60	-59	127	116	185	156	-44	0	
4	R	0	-193	-63	14	122	0	
5	R	0	120	0	

DAY = 5
1	R	0	148	-29	0	-120	0	-40	0	
2	R	0	-81	147	149	79	171	-185	-156	-115	-158	0	
3	R	0	168	-83	111	0	
4	R	0	28	35	-127	31	-194	109	-60	0	
5	R	0	-80	52	-55	0	
6	R	0	-114	0	-198	163	0	
7	R	0	104	-86	97	0	
8	R	0	-38	26	0	
9	R	0	-30	0	

DAY = 6
1	R	0	2	0	186	-163	0	-199	8	170	-197	-97	0	57	-43	0	
2	R	0	107	-14	-183	-177	-95	195	89	-132	-149	-79	0	
3	R	0	134	-116	-35	0	
4	R	0	49	-152	0	
5	R	0	-172	141	-160	0	
6	R	0	-26	179	130	-105	0	
7	R	0	-11	33	-69	0	
8	R	0	74	-106	-28	0	

DAY = 7
1	R	0	-110	75	13	-8	50	-57	6	-122	184	0	
2	R	0	73	53	-134	0	
3	R	0	-31	146	-179	188	3	16	0	
4	R	0	78	150	-195	0	
5	R	0	126	155	-145	77	0	
6	R	0	128	151	129	0	

DAY = 8
1	R	0	-75	-104	175	0	-186	0	-148	64	-147	0	
2	R	0	121	-171	-109	101	0	
3	R	0	162	-52	-16	0	
4	R	0	72	113	143	0	
5	R	0	117	-168	-111	-74	88	189	0	
6	R	0	191	0	144	0	

DAY = 9
1	R	0	174	66	-2	-175	0	9	-13	-170	84	45	71	-50	0	161	93	-107	0	
2	R	0	200	164	102	-64	190	-89	-155	0	
3	R	0	196	-150	-78	24	-130	-188	0	
4	R	0	-33	137	-113	0	
5	R	0	-143	-141	-129	-128	0	
6	R	0	12	-49	23	0	
7	R	0	25	167	0	

DAY = 10
1	R	0	-9	0	61	136	-144	0	
2	R	0	-77	41	0	
3	R	0	-101	85	-146	94	99	0	
4	R	0	-121	0	
5	R	0	-12	-53	181	-73	-184	-102	139	0	
6	R	0	165	-200	-164	182	-6	-45	-126	0	
7	R	0	54	-3	27	-137	0	
8	R	0	153	37	-151	0	

DAY = 11
1	R	0	-174	47	32	0	176	0	36	-84	-161	-93	0	-165	15	0	
2	R	0	91	-182	-139	166	-190	123	-24	173	124	119	-41	108	0	
3	R	0	-162	180	34	-94	-99	140	0	
4	R	0	76	-72	58	48	-117	0	
5	R	0	-153	5	22	-88	-25	0	
6	R	0	-189	0	
7	R	0	-191	154	0	7	92	0	

DAY = 12
1	R	0	-196	19	0	
2	R	0	-140	118	0	-47	159	0	
3	R	0	-23	178	0	
4	R	0	-76	65	0	-176	82	0	
5	R	0	-166	98	0	-36	103	0	
6	R	0	-37	100	0	
7	R	0	112	0	
8	R	0	-66	138	-136	125	90	133	-71	4	-167	0	
9	R	0	192	20	51	-180	0	

DAY = 13
1	R	0	142	-32	-61	-92	-108	-119	-173	0	
2	R	0	-54	-98	0	-118	0	
3	R	0	-34	-51	-85	-27	-48	21	0	
4	R	0	17	-181	-91	-15	-133	0	
5	R	0	42	96	-154	0	

DAY = 14
1	R	0	-82	-142	0	-138	-100	-125	-124	0	
2	R	0	-65	1	0	
3	R	0	70	-123	0	-159	0	
4	R	0	-90	-112	-4	-42	0	
5	R	0	-7	-192	0	
6	R	0	-22	-5	0	
7	R	0	-17	-58	0	

DAY = 15
1	R	0	-103	-1	0	
2	R	0	-70	0	-19	0	
3	R	0	-178	0	
4	R	0	-20	-21	0	
5	R	0	-96	0	

