DATASET = co2020 case challenge part
NAME = vehicle days over tools over vehicles over distance with 100 requests over 10 days

DAY = 1
1	R	0	76	54	10	42	0	

DAY = 2
1	R	0	69	6	21	51	71	0	
2	R	0	55	23	3	13	92	0	
3	R	0	19	77	31	58	0	
4	R	0	90	40	67	1	25	0	

DAY = 3
1	R	0	48	94	-25	68	66	50	34	0	
2	R	0	65	35	99	-42	0	
3	R	0	97	-10	100	-76	37	-51	49	0	
4	R	0	-54	0	
5	R	0	-31	0	

DAY = 4
1	R	0	-48	-69	28	63	18	0	
2	R	0	7	-34	9	52	98	15	0	
3	R	0	86	88	33	62	0	
4	R	0	20	-92	93	-99	-58	-35	0	
5	R	0	87	78	0	

DAY = 5
1	R	0	30	-63	61	95	36	-6	-49	-71	-55	-23	0	
2	R	0	-3	83	-13	-78	-93	0	
3	R	0	-19	-77	-90	64	-40	2	79	-67	27	-50	-66	-68	0	
4	R	0	-1	80	-7	-94	12	72	-21	0	
5	R	0	-97	0	

DAY = 6
1	R	0	5	82	32	-28	14	89	-52	-27	38	-12	0	
2	R	0	-98	-15	70	85	-37	-83	44	26	8	-100	0	
3	R	0	53	74	-64	43	81	0	
4	R	0	46	-87	0	
5	R	0	-65	17	0	

DAY = 7
1	R	0	11	-5	-61	-30	60	29	39	-85	47	-62	-33	-88	-86	0	
2	R	0	-20	-26	-74	24	-46	0	
3	R	0	-79	-38	41	59	-9	-18	-89	0	

DAY = 8
1	R	0	-32	-72	45	-95	96	-36	73	16	56	57	-53	0	
2	R	0	4	22	0	
3	R	0	-17	-2	91	-41	-80	0	

DAY = 9
1	R	0	-11	-82	-29	-39	0	-96	-73	-70	-56	-8	0	
2	R	0	-44	75	-4	-81	0	
3	R	0	-43	-91	-59	-14	-60	0	
4	R	0	84	0	

DAY = 10
1	R	0	-84	-45	-16	-47	-57	0	
2	R	0	-75	-24	-22	0	

