DATASET = co2020 case challenge part
NAME = tools over distance over vehicle days over vehicles with 100 requests over 10 days

DAY = 1
1	R	0	27	15	36	0	
2	R	0	2	0	

DAY = 2
1	R	0	22	25	72	0	
2	R	0	35	80	93	0	
3	R	0	81	0	

DAY = 3
1	R	0	71	94	66	0	
2	R	0	48	40	89	-36	45	0	
3	R	0	-2	0	
4	R	0	34	7	0	
5	R	0	23	91	75	0	
6	R	0	12	37	5	-15	38	0	
7	R	0	63	0	

DAY = 4
1	R	0	79	65	73	32	-27	-23	0	
2	R	0	18	6	-91	100	92	78	0	
3	R	0	68	4	-72	-25	86	-22	30	-66	0	
4	R	0	41	24	14	0	
5	R	0	76	46	16	0	

DAY = 5
1	R	0	95	-14	69	58	0	
2	R	0	96	-38	10	1	42	0	
3	R	0	88	53	-93	-80	-35	54	0	
4	R	0	-81	-32	26	-40	-89	55	0	
5	R	0	-48	52	-24	0	
6	R	0	97	0	

DAY = 6
1	R	0	-95	-71	62	-73	-94	61	0	49	-30	74	17	8	-26	0	
2	R	0	47	-7	-34	-68	99	-12	0	
3	R	0	11	64	-78	-75	-100	-37	0	
4	R	0	-5	-10	56	-76	0	
5	R	0	50	-63	39	82	-88	-42	0	
6	R	0	98	59	-45	0	

DAY = 7
1	R	0	-79	20	-65	85	-41	9	0	
2	R	0	3	-86	87	-4	0	
3	R	0	29	-53	-92	-18	-6	0	
4	R	0	83	67	0	
5	R	0	21	-46	77	-56	84	-16	13	-96	44	0	
6	R	0	-97	57	31	0	

DAY = 8
1	R	0	-20	19	-61	33	-9	0	
2	R	0	-17	28	-55	51	-3	-52	0	
3	R	0	-47	-54	43	60	-64	-57	-1	0	
4	R	0	90	-50	-58	-69	0	

DAY = 9
1	R	0	70	-44	-62	-49	-8	0	
2	R	0	-74	-28	-51	-59	0	
3	R	0	-99	-11	-43	-98	0	
4	R	0	-82	-67	0	
5	R	0	-21	-77	-39	0	

DAY = 10
1	R	0	-70	-85	-19	-33	0	
2	R	0	-87	-29	0	
3	R	0	-60	-83	0	
4	R	0	-13	-90	-84	-31	0	

