DATASET = co2020 case challenge part
NAME = vehicles over tools over vehicle days over distance with 300 requests over 20 days

DAY = 1
1	R	0	238	0	63	0	
2	R	0	7	43	0	

DAY = 2
1	R	0	81	278	0	246	0	128	187	0	
2	R	0	296	136	0	
3	R	0	234	79	34	0	
4	R	0	61	0	

DAY = 3
1	R	0	84	215	0	204	0	121	117	0	
2	R	0	8	290	-234	51	178	37	0	
3	R	0	188	0	
4	R	0	139	-79	0	
5	R	0	205	-34	-61	185	0	
6	R	0	148	0	

DAY = 4
1	R	0	282	-238	0	221	-246	266	-8	108	-278	-81	0	
2	R	0	-128	39	0	-63	0	
3	R	0	291	-290	253	131	0	
4	R	0	170	-51	-7	0	
5	R	0	66	0	
6	R	0	112	213	123	0	
7	R	0	127	-43	245	0	
8	R	0	73	159	0	
9	R	0	277	0	
10	R	0	116	0	
11	R	0	59	133	-187	0	

DAY = 5
1	R	0	154	167	-204	0	68	269	0	102	-121	0	
2	R	0	231	293	75	-188	0	
3	R	0	115	-37	-296	0	
4	R	0	47	0	
5	R	0	114	-205	175	0	
6	R	0	-277	0	
7	R	0	-59	257	206	285	216	236	0	
8	R	0	252	72	0	297	270	0	147	210	0	
9	R	0	286	0	191	-170	-131	23	-136	0	
10	R	0	137	-148	0	
11	R	0	70	0	
12	R	0	92	155	0	

DAY = 6
1	R	0	-282	96	0	-115	149	0	
2	R	0	-84	189	0	
3	R	0	-116	89	0	
4	R	0	-73	247	0	
5	R	0	-266	279	0	-139	0	
6	R	0	-245	0	
7	R	0	113	219	299	-269	239	-117	140	-286	-210	222	-215	0	
8	R	0	-92	-72	-39	-285	-185	0	
9	R	0	-159	-175	228	294	225	-123	-178	0	
10	R	0	134	165	-75	-291	172	-253	98	0	
11	R	0	152	-137	-66	0	

DAY = 7
1	R	0	11	46	-221	3	0	-219	-167	0	-222	-147	0	29	-239	-102	180	0	
2	R	0	196	-108	130	0	
3	R	0	275	-155	223	0	
4	R	0	-191	243	226	-98	0	
5	R	0	-152	184	-134	264	-165	0	
6	R	0	-149	255	-47	-213	0	
7	R	0	-112	0	
8	R	0	242	0	
9	R	0	250	0	
10	R	0	25	143	-127	0	
11	R	0	-70	0	
12	R	0	-133	-216	0	

DAY = 8
1	R	0	-154	110	-130	40	-270	156	-297	-3	151	0	
2	R	0	268	-252	201	-236	105	0	
3	R	0	120	203	0	
4	R	0	22	-206	-89	132	0	
5	R	0	-114	0	
6	R	0	71	0	
7	R	0	53	58	0	
8	R	0	217	-264	-172	-293	-299	0	
9	R	0	-231	-68	50	-140	0	
10	R	0	-143	0	
11	R	0	-23	111	-225	0	
12	R	0	18	-257	-228	0	
13	R	0	295	0	

DAY = 9
1	R	0	-29	24	0	
2	R	0	-96	157	0	
3	R	0	-279	49	0	
4	R	0	-58	56	0	
5	R	0	-255	145	0	
6	R	0	-275	273	0	-226	62	0	
7	R	0	-189	87	0	-247	158	0	
8	R	0	-120	0	
9	R	0	-113	-46	-268	177	-105	106	199	0	
10	R	0	208	-294	21	-217	0	
11	R	0	4	-242	-184	194	-223	-180	33	-110	0	
12	R	0	281	0	

DAY = 10
1	R	0	-11	0	-87	95	-273	0	-196	0	
2	R	0	76	0	
3	R	0	19	82	-62	-158	0	
4	R	0	162	-243	0	
5	R	0	28	-250	0	
6	R	0	-25	-53	150	-71	0	
7	R	0	-157	0	
8	R	0	211	-132	-145	0	
9	R	0	-199	-201	141	0	
10	R	0	261	0	
11	R	0	202	-18	0	
12	R	0	-40	57	0	

DAY = 11
1	R	0	169	0	27	0	258	220	-295	0	
2	R	0	267	104	-151	124	0	288	-203	0	
3	R	0	-22	0	
4	R	0	244	153	-21	173	0	
5	R	0	256	-162	0	
6	R	0	126	135	-111	260	0	
7	R	0	-4	138	0	
8	R	0	67	0	
9	R	0	-141	249	-156	0	-19	0	
10	R	0	233	-50	0	-49	0	
11	R	0	-33	54	0	

DAY = 12
1	R	0	88	118	0	183	263	-249	0	80	-24	179	0	
2	R	0	274	287	-76	64	0	
3	R	0	-256	0	
4	R	0	-194	36	186	0	
5	R	0	122	48	280	-56	-244	0	
6	R	0	212	97	-261	0	
7	R	0	292	-208	-177	-288	0	
8	R	0	-106	0	
9	R	0	-281	55	0	

DAY = 13
1	R	0	284	-104	200	-124	0	85	0	
2	R	0	248	74	-280	0	
3	R	0	6	-82	-36	271	0	
4	R	0	35	-28	42	0	
5	R	0	9	-135	93	276	0	
6	R	0	193	-55	77	-260	300	0	
7	R	0	-150	259	0	
8	R	0	-97	142	-211	182	0	
9	R	0	-202	0	
10	R	0	-67	13	0	
11	R	0	101	-95	5	109	-220	-267	0	
12	R	0	-57	45	0	

DAY = 14
1	R	0	283	262	-258	0	-169	0	-27	0	-101	0	
2	R	0	-233	-80	144	0	
3	R	0	-64	129	-173	164	-276	-126	86	0	
4	R	0	161	-138	0	
5	R	0	176	-153	-212	0	
6	R	0	-142	0	
7	R	0	-292	0	
8	R	0	240	-182	20	100	-200	0	15	0	41	0	
9	R	0	146	94	-287	-54	12	0	
10	R	0	26	190	0	

DAY = 15
1	R	0	-283	-88	0	-118	83	90	-263	265	0	14	-179	174	0	
2	R	0	99	-274	-94	-45	0	91	-262	-183	0	
3	R	0	163	30	0	
4	R	0	166	-85	44	168	-164	0	
5	R	0	-271	31	0	
6	R	0	298	229	-9	0	
7	R	0	251	-35	0	
8	R	0	-6	-186	-122	-48	0	
9	R	0	-300	197	0	
10	R	0	78	289	-259	241	0	

DAY = 16
1	R	0	-284	0	-41	0	52	10	0	232	-13	0	
2	R	0	1	-174	60	207	214	-144	-129	0	
3	R	0	32	-74	192	0	
4	R	0	198	-20	17	-248	-168	0	
5	R	0	237	-289	69	0	
6	R	0	235	-26	0	
7	R	0	-197	0	
8	R	0	-161	272	-193	0	
9	R	0	-93	-42	-77	0	
10	R	0	195	-44	0	
11	R	0	-109	-5	0	

DAY = 17
1	R	0	-91	181	-163	0	-83	125	0	-15	-10	65	-265	0	
2	R	0	16	-60	-12	230	-207	-146	0	
3	R	0	-31	-229	-86	0	
4	R	0	-195	0	
5	R	0	227	-192	0	
6	R	0	209	-176	0	
7	R	0	107	-190	-78	0	
8	R	0	-235	0	
9	R	0	103	-241	-240	0	
10	R	0	254	0	
11	R	0	2	-100	-166	-30	0	

DAY = 18
1	R	0	-90	-14	-16	0	-1	-99	-214	38	0	
2	R	0	-32	0	
3	R	0	-298	224	-272	0	
4	R	0	160	-209	0	
5	R	0	-198	-227	-17	0	
6	R	0	171	-254	0	
7	R	0	119	-103	0	
8	R	0	-251	0	

DAY = 19
1	R	0	-125	-52	0	-232	0	218	-181	-230	0	
2	R	0	-224	-160	-237	0	
3	R	0	-107	0	
4	R	0	-69	0	
5	R	0	-171	0	
6	R	0	-2	0	

DAY = 20
1	R	0	-65	-218	-38	0	
2	R	0	-119	0	

