DATASET = co2020 case challenge part
NAME = tools over vehicle days over vehicles over distance with 200 requests over 15 days

DAY = 1
1	R	0	115	90	0	
2	R	0	131	99	0	
3	R	0	101	0	
4	R	0	34	0	

DAY = 2
1	R	0	106	0	110	0	
2	R	0	30	-115	190	66	58	0	
3	R	0	178	176	77	0	
4	R	0	84	0	
5	R	0	144	198	-99	111	194	0	
6	R	0	56	-34	23	0	93	0	
7	R	0	17	184	0	

DAY = 3
1	R	0	21	156	0	165	0	1	96	0	
2	R	0	19	24	133	82	0	170	0	
3	R	0	83	-110	103	-56	-23	0	
4	R	0	-90	112	135	0	
5	R	0	143	-198	0	
6	R	0	151	-17	67	195	0	
7	R	0	14	-176	185	-178	0	

DAY = 4
1	R	0	148	6	0	122	183	-19	0	35	0	
2	R	0	89	-93	39	0	
3	R	0	70	-112	-131	13	53	-111	-144	129	0	
4	R	0	-84	0	
5	R	0	-77	0	
6	R	0	-101	22	-67	16	0	
7	R	0	-58	120	-24	71	0	
8	R	0	-103	0	

DAY = 5
1	R	0	-106	5	0	-96	18	0	-148	136	0	
2	R	0	-156	11	0	-30	43	0	
3	R	0	-184	69	0	
4	R	0	-1	80	0	-66	92	0	
5	R	0	-190	152	0	
6	R	0	-151	68	0	
7	R	0	-82	117	0	
8	R	0	-195	0	
9	R	0	64	0	63	-165	181	0	
10	R	0	197	-39	0	
11	R	0	-194	3	-16	0	

DAY = 6
1	R	0	-129	26	0	
2	R	0	-185	59	0	
3	R	0	-69	149	0	
4	R	0	-71	188	0	
5	R	0	-92	36	0	
6	R	0	-18	102	0	
7	R	0	-183	109	0	
8	R	0	-170	124	0	-70	142	0	
9	R	0	-133	25	0	
10	R	0	108	0	-21	174	-35	150	0	
11	R	0	-197	38	0	27	0	
12	R	0	137	-135	0	
13	R	0	-143	0	
14	R	0	-14	-22	132	33	0	
15	R	0	-120	0	
16	R	0	-83	15	0	

DAY = 7
1	R	0	134	-64	0	-5	-188	0	-63	0	-136	169	-80	54	0	
2	R	0	-6	118	-122	182	147	-152	0	37	0	
3	R	0	180	-117	172	-102	-68	0	
4	R	0	114	0	
5	R	0	196	40	-53	-13	0	
6	R	0	-38	-108	0	-89	171	127	48	0	
7	R	0	139	100	-137	0	

DAY = 8
1	R	0	-139	41	0	
2	R	0	-3	104	0	-174	121	0	
3	R	0	-118	126	0	
4	R	0	-33	189	0	
5	R	0	-40	4	0	
6	R	0	-181	164	0	
7	R	0	-15	173	0	
8	R	0	2	0	
9	R	0	47	0	
10	R	0	52	0	
11	R	0	119	0	
12	R	0	123	0	105	159	153	74	0	
13	R	0	191	-187	-36	-172	0	
14	R	0	7	-149	-59	0	
15	R	0	-142	192	-127	85	-11	-43	0	

DAY = 9
1	R	0	-27	20	0	
2	R	0	-100	46	0	
3	R	0	-126	177	0	
4	R	0	-132	0	
5	R	0	-150	0	-171	0	-173	0	
6	R	0	-105	179	-124	-169	-147	76	-48	138	44	-192	0	
7	R	0	-26	31	-109	199	0	
8	R	0	-7	79	0	
9	R	0	42	-25	167	0	

DAY = 10
1	R	0	-104	78	0	
2	R	0	-4	86	0	
3	R	0	-123	162	0	-134	60	0	
4	R	0	-114	81	0	
5	R	0	-196	158	0	
6	R	0	-180	51	0	
7	R	0	-54	73	0	
8	R	0	-119	107	0	
9	R	0	-2	130	0	
10	R	0	-121	154	0	
11	R	0	12	-179	75	-159	50	55	-182	-153	-74	-37	0	
12	R	0	-191	160	87	28	0	
13	R	0	168	128	140	-85	0	

DAY = 11
1	R	0	-86	65	0	
2	R	0	-52	193	0	
3	R	0	-41	10	0	
4	R	0	-46	57	0	
5	R	0	-78	62	0	
6	R	0	-164	146	0	
7	R	0	-20	98	0	
8	R	0	-47	0	
9	R	0	-51	0	
10	R	0	-154	0	
11	R	0	-189	0	
12	R	0	-79	-42	161	125	61	141	0	
13	R	0	32	-160	8	0	
14	R	0	155	-76	0	

DAY = 12
1	R	0	-12	0	-177	0	-75	0	-10	-50	-55	0	
2	R	0	-125	-141	200	0	9	0	
3	R	0	116	97	-138	-44	175	-140	72	0	
4	R	0	88	-168	0	
5	R	0	94	-158	-31	0	
6	R	0	-155	-199	-8	145	0	
7	R	0	163	0	
8	R	0	-167	0	

DAY = 13
1	R	0	-60	157	-161	0	186	-9	95	0	
2	R	0	-162	0	-65	0	
3	R	0	29	-130	0	
4	R	0	-94	0	
5	R	0	-81	-28	0	
6	R	0	-88	49	-128	0	
7	R	0	113	166	-62	-87	0	-73	-97	0	
8	R	0	-107	0	

DAY = 14
1	R	0	-116	-98	45	0	-146	0	-186	0	
2	R	0	-61	-32	-200	0	
3	R	0	-29	0	
4	R	0	-193	91	-145	0	
5	R	0	-57	-175	0	
6	R	0	-49	0	
7	R	0	-72	-163	-166	0	

DAY = 15
1	R	0	-157	-45	0	-95	0	
2	R	0	-91	-113	0	

