DATASET = co2020 case challenge part
NAME = vehicle days over tools over vehicles over distance with 500 requests over 25 days

DAY = 1
1	R	0	484	48	0	438	318	0	
2	R	0	196	0	
3	R	0	306	0	

DAY = 2
1	R	0	181	386	0	241	-484	0	102	0	478	449	0	
2	R	0	227	169	0	309	-48	0	167	0	383	0	
3	R	0	41	197	0	129	-438	226	-318	0	
4	R	0	233	0	
5	R	0	159	0	
6	R	0	150	0	
7	R	0	131	0	
8	R	0	486	-196	101	483	0	
9	R	0	53	0	40	0	
10	R	0	336	0	

DAY = 3
1	R	0	89	-478	217	321	-449	316	0	
2	R	0	30	-306	0	
3	R	0	446	357	0	
4	R	0	111	84	0	
5	R	0	392	-129	221	0	
6	R	0	443	-383	209	0	454	23	128	0	43	0	

DAY = 4
1	R	0	4	-309	224	-128	0	-209	54	-443	63	-221	395	0	
2	R	0	396	-23	119	-89	482	-386	0	
3	R	0	-241	308	247	-316	0	-30	0	
4	R	0	-159	0	
5	R	0	-150	340	-336	0	
6	R	0	251	-226	0	
7	R	0	-84	494	-486	0	
8	R	0	-131	0	

DAY = 5
1	R	0	70	-4	0	256	472	-181	223	0	-102	371	0	370	0	85	2	-197	0	-43	0	-169	0	
2	R	0	290	-54	-167	0	-41	-454	0	
3	R	0	-396	7	-53	0	
4	R	0	-483	-101	52	369	0	
5	R	0	426	-40	242	0	88	-227	-321	0	
6	R	0	-233	0	
7	R	0	-251	0	
8	R	0	-340	375	26	-357	0	
9	R	0	10	0	

DAY = 6
1	R	0	-70	146	-217	0	-472	-223	-119	0	-371	-482	24	-2	213	125	0	
2	R	0	419	90	-63	451	-395	132	-111	0	
3	R	0	310	0	
4	R	0	323	0	
5	R	0	12	-369	0	
6	R	0	172	0	
7	R	0	250	29	0	
8	R	0	126	-242	-247	0	346	-308	0	495	0	
9	R	0	104	-446	130	0	
10	R	0	177	-392	0	

DAY = 7
1	R	0	207	179	-370	0	136	163	0	180	3	-224	270	-256	32	293	0	
2	R	0	414	35	-126	33	-250	230	-52	38	0	
3	R	0	406	0	238	281	0	
4	R	0	413	-7	487	0	302	0	46	0	
5	R	0	239	0	297	0	75	0	
6	R	0	376	-323	0	
7	R	0	-375	86	-26	-177	397	0	
8	R	0	-494	0	

DAY = 8
1	R	0	-487	109	0	-406	145	0	
2	R	0	-451	185	0	
3	R	0	-104	430	0	-85	441	0	
4	R	0	-88	466	0	-297	182	0	
5	R	0	-213	253	0	-163	384	0	
6	R	0	-29	206	0	
7	R	0	-24	240	0	
8	R	0	282	0	298	0	394	0	488	-290	0	
9	R	0	-419	0	-46	467	-75	0	-125	267	0	
10	R	0	42	-132	0	
11	R	0	244	-12	0	
12	R	0	-230	-426	455	0	
13	R	0	81	-35	379	-146	0	
14	R	0	87	-10	0	

DAY = 9
1	R	0	-394	67	0	-346	76	0	-310	21	0	
2	R	0	-414	246	0	-38	373	0	
3	R	0	-109	400	0	-282	461	0	
4	R	0	-136	480	0	
5	R	0	-130	142	0	
6	R	0	-397	158	0	175	0	237	0	
7	R	0	351	0	388	0	-207	258	-270	0	-488	118	-495	0	-90	360	0	
8	R	0	405	0	469	-467	0	-42	205	0	
9	R	0	409	-244	59	0	
10	R	0	-455	0	
11	R	0	-172	255	0	
12	R	0	-87	0	

DAY = 10
1	R	0	-33	58	0	-76	208	0	
2	R	0	-145	415	0	
3	R	0	-466	432	0	-67	178	0	
4	R	0	-430	337	0	
5	R	0	-86	343	0	-175	436	0	-441	442	0	
6	R	0	-253	477	0	-238	496	0	
7	R	0	-21	108	0	
8	R	0	-373	201	0	-302	453	0	
9	R	0	-376	485	0	-3	0	-179	0	-180	0	
10	R	0	-298	0	-413	0	-32	0	-118	380	0	
11	R	0	72	447	-239	283	-267	427	-281	0	479	0	
12	R	0	378	0	
13	R	0	157	0	
14	R	0	168	-255	-293	367	416	0	
15	R	0	257	0	96	0	
16	R	0	203	0	

DAY = 11
1	R	0	-157	18	0	-283	183	0	
2	R	0	-479	287	0	
3	R	0	-409	300	0	-96	359	0	
4	R	0	-379	99	0	-72	116	0	-360	252	0	
5	R	0	-81	444	0	
6	R	0	34	0	190	0	
7	R	0	228	0	368	0	
8	R	0	476	0	-351	307	491	0	
9	R	0	11	-388	-182	0	-185	161	-496	0	
10	R	0	-384	-337	459	-108	-240	497	-201	-461	374	22	0	
11	R	0	-206	382	-178	-158	0	

DAY = 12
1	R	0	-18	1	0	-258	214	0	
2	R	0	-300	231	0	
3	R	0	-378	407	0	-367	434	0	
4	R	0	-59	445	0	-416	452	0	
5	R	0	-427	154	0	-405	215	0	
6	R	0	-469	303	0	-116	421	0	
7	R	0	-205	428	0	-359	113	0	
8	R	0	-34	194	0	219	0	
9	R	0	352	0	423	0	
10	R	0	464	0	243	-237	5	390	0	
11	R	0	212	355	-477	-400	0	-480	403	-442	339	-208	0	
12	R	0	-382	-246	0	
13	R	0	-58	330	493	144	-142	149	0	
14	R	0	28	475	-374	341	0	

DAY = 13
1	R	0	-113	68	0	-447	234	0	-154	314	0	
2	R	0	-407	325	0	
3	R	0	-303	492	0	
4	R	0	-368	13	0	-434	138	0	
5	R	0	-168	189	0	
6	R	0	-352	262	0	-231	500	0	
7	R	0	-380	156	0	-215	166	0	
8	R	0	-423	362	0	-99	489	0	
9	R	0	-203	0	
10	R	0	-214	0	-228	0	-252	0	-257	0	
11	R	0	-335	0	-436	49	0	-390	77	0	
12	R	0	-161	232	0	-149	276	0	
13	R	0	-415	363	0	
14	R	0	-432	372	0	
15	R	0	-343	393	0	
16	R	0	-307	490	0	-330	73	0	
17	R	0	-453	317	0	-485	353	0	
18	R	0	-144	60	0	
19	R	0	135	0	

DAY = 14
1	R	0	-464	64	0	-362	123	0	
2	R	0	-262	235	0	-183	265	0	
3	R	0	-287	278	0	
4	R	0	-194	411	0	
5	R	0	-314	269	0	-444	499	0	
6	R	0	-476	14	0	
7	R	0	-234	74	0	
8	R	0	-1	0	
9	R	0	-190	0	-421	0	-452	0	-489	0	
10	R	0	-493	80	0	-491	162	0	
11	R	0	-276	268	0	-243	366	0	
12	R	0	-497	100	0	
13	R	0	-459	429	0	-11	191	0	-339	263	0	
14	R	0	-22	0	-49	0	-317	0	

DAY = 15
1	R	0	-219	-263	0	-162	0	-123	204	-68	0	-232	0	439	0	
2	R	0	474	-403	481	-490	0	-156	284	-212	291	-355	152	173	-28	272	-428	0	
3	R	0	-475	280	0	
4	R	0	188	-278	431	274	0	
5	R	0	186	-429	83	0	
6	R	0	349	-445	0	
7	R	0	410	-269	0	
8	R	0	-268	0	
9	R	0	-80	-100	0	
10	R	0	-372	0	
11	R	0	-363	0	
12	R	0	187	-135	0	412	-5	160	0	
13	R	0	106	-341	0	

DAY = 16
1	R	0	-13	50	0	-325	114	0	-138	356	0	
2	R	0	-500	112	0	-439	155	0	-204	261	0	
3	R	0	-166	377	0	-14	448	0	
4	R	0	-265	45	0	-235	107	0	
5	R	0	-492	151	0	
6	R	0	-83	326	0	
7	R	0	-188	0	
8	R	0	-189	0	
9	R	0	69	295	-353	-191	418	0	117	-106	387	184	0	
10	R	0	134	0	358	147	-77	198	0	
11	R	0	433	-186	275	210	334	0	
12	R	0	92	404	-393	-60	0	
13	R	0	-73	288	0	

DAY = 17
1	R	0	-366	36	0	-152	97	0	-474	105	0	-198	193	0	
2	R	0	-387	285	0	
3	R	0	-92	82	0	
4	R	0	-412	199	0	
5	R	0	-291	225	0	
6	R	0	-184	301	0	304	0	
7	R	0	422	0	
8	R	0	192	0	277	0	
9	R	0	322	0	364	0	391	0	
10	R	0	124	0	299	0	15	51	0	266	0	
11	R	0	143	-173	94	-74	-431	148	425	-411	0	
12	R	0	-64	133	0	-499	-481	0	
13	R	0	-107	470	0	6	-326	0	

DAY = 18
1	R	0	-295	93	0	-285	95	0	
2	R	0	-272	315	0	-418	324	0	
3	R	0	-134	8	0	
4	R	0	-433	174	0	
5	R	0	-288	216	0	-199	313	0	
6	R	0	-364	331	0	-284	381	0	
7	R	0	-404	465	0	
8	R	0	-322	62	0	-105	79	0	
9	R	0	-277	435	0	
10	R	0	-275	450	0	
11	R	0	-410	0	
12	R	0	-422	0	-448	0	
13	R	0	-377	0	-50	259	-261	0	-15	153	-155	0	-187	468	-160	66	122	0	
14	R	0	25	176	-356	0	-6	37	0	
15	R	0	17	-349	417	0	
16	R	0	498	-280	-274	0	

DAY = 19
1	R	0	-324	171	0	-117	312	0	
2	R	0	-315	385	0	-391	420	0	
3	R	0	-193	424	0	-79	9	0	-450	47	0	
4	R	0	-334	56	0	
5	R	0	-95	236	0	
6	R	0	-331	408	0	
7	R	0	-210	471	0	
8	R	0	-358	115	0	-147	398	0	
9	R	0	-174	456	0	
10	R	0	-69	462	0	-313	0	
11	R	0	286	-25	127	0	139	365	-259	389	-153	460	0	-468	0	
12	R	0	-143	200	-266	-94	271	-114	0	
13	R	0	-112	338	-148	273	-37	170	-45	311	0	
14	R	0	27	-151	0	
15	R	0	327	0	

DAY = 20
1	R	0	-36	195	0	-301	264	0	-97	289	0	-381	328	0	
2	R	0	-216	402	0	-8	473	0	
3	R	0	-385	65	0	
4	R	0	-424	110	0	-115	249	0	
5	R	0	-465	292	0	
6	R	0	-82	350	0	
7	R	0	-192	399	0	
8	R	0	-225	0	-304	0	
9	R	0	-124	-66	0	-299	19	-365	0	
10	R	0	-470	-139	165	-51	248	78	120	-498	0	
11	R	0	121	-425	-170	222	-133	0	
12	R	0	-417	55	0	

DAY = 21
1	R	0	-408	211	0	-93	329	0	-9	344	0	
2	R	0	-249	39	0	-62	103	0	-399	137	0	-65	220	0	
3	R	0	-420	229	0	-289	319	0	-402	320	0	
4	R	0	-473	61	0	-435	254	0	
5	R	0	-56	296	0	
6	R	0	-350	333	0	
7	R	0	-292	354	0	
8	R	0	-462	0	463	-176	-122	0	-389	401	0	
9	R	0	31	0	361	-17	0	
10	R	0	-121	0	-222	0	
11	R	0	-271	0	-200	0	
12	R	0	-273	245	0	
13	R	0	457	0	
14	R	0	342	0	

DAY = 22
1	R	0	-103	71	-463	0	-286	-229	440	-319	0	-333	-39	0	-19	-137	0	-344	-398	0	
2	R	0	-460	332	-171	0	-78	279	-236	0	
3	R	0	348	-312	0	98	0	
4	R	0	218	294	458	-127	-110	0	
5	R	0	-47	0	305	-311	-361	0	
6	R	0	164	-27	0	
7	R	0	-471	345	-456	57	0	
8	R	0	202	-338	-245	-55	0	
9	R	0	-327	347	0	
10	R	0	44	0	

DAY = 23
1	R	0	-195	260	141	-332	-248	0	
2	R	0	-211	-120	437	0	
3	R	0	91	-342	-202	140	-44	0	
4	R	0	16	-305	0	-458	-165	0	-264	0	
5	R	0	-328	-440	0	-457	0	

DAY = 24
1	R	0	-71	0	-98	0	-218	-320	0	-294	-354	0	-329	0	-401	0	
2	R	0	-260	-141	0	-279	20	-296	0	
3	R	0	-91	-57	0	
4	R	0	-220	-345	0	-16	0	
5	R	0	-31	0	-254	-61	0	

DAY = 25
1	R	0	-20	0	-348	0	
2	R	0	-437	-140	0	
3	R	0	-164	-347	0	

