DATASET = co2020 case challenge part
NAME = vehicles over tools over vehicle days over distance with 100 requests over 10 days

DAY = 1
1	R	0	99	37	83	0	
2	R	0	62	96	42	0	
3	R	0	38	0	
4	R	0	78	75	0	
5	R	0	32	0	

DAY = 2
1	R	0	-99	90	0	89	0	17	98	0	
2	R	0	79	0	
3	R	0	8	52	0	
4	R	0	43	7	12	15	0	
5	R	0	92	0	
6	R	0	2	-42	0	
7	R	0	-38	0	
8	R	0	6	0	

DAY = 3
1	R	0	-90	-83	47	-8	97	-98	0	
2	R	0	16	-43	0	
3	R	0	49	-96	0	
4	R	0	10	0	
5	R	0	86	9	0	
6	R	0	36	0	
7	R	0	23	-15	34	71	0	
8	R	0	91	18	28	0	
9	R	0	-32	0	

DAY = 4
1	R	0	-17	-37	-47	0	
2	R	0	-75	33	-97	72	54	0	
3	R	0	46	73	-52	40	0	
4	R	0	39	-62	-16	0	
5	R	0	-92	58	25	-7	-36	0	
6	R	0	-86	100	-9	59	0	
7	R	0	56	53	-18	-28	-78	0	
8	R	0	-10	0	

DAY = 5
1	R	0	-89	13	0	-79	21	0	
2	R	0	-49	35	0	
3	R	0	-2	45	0	
4	R	0	63	0	
5	R	0	27	0	87	0	
6	R	0	76	74	67	-100	20	-58	85	0	
7	R	0	30	-12	24	93	44	68	0	
8	R	0	19	0	
9	R	0	-91	-6	0	

DAY = 6
1	R	0	-27	55	0	
2	R	0	-23	61	0	
3	R	0	-34	64	0	
4	R	0	-13	77	0	
5	R	0	-45	51	0	
6	R	0	-56	95	0	
7	R	0	-76	65	26	-53	22	-20	88	-85	0	
8	R	0	-30	-71	69	-44	0	
9	R	0	-19	0	

DAY = 7
1	R	0	-35	3	0	
2	R	0	-59	29	0	
3	R	0	-33	94	0	
4	R	0	-39	57	0	
5	R	0	-40	0	
6	R	0	-51	0	
7	R	0	4	11	-24	84	-46	-73	0	
8	R	0	14	60	-25	0	
9	R	0	81	0	
10	R	0	-72	-54	0	

DAY = 8
1	R	0	-3	0	-74	-67	-26	66	0	
2	R	0	-29	0	
3	R	0	-55	0	
4	R	0	-61	0	
5	R	0	-95	82	5	1	-69	0	
6	R	0	-84	-93	0	
7	R	0	80	-87	31	-11	-21	0	
8	R	0	-68	-70	0	
9	R	0	-63	50	0	

DAY = 9
1	R	0	48	-65	-31	41	-14	0	
2	R	0	-77	0	
3	R	0	-64	-82	0	
4	R	0	-5	-88	-22	0	
5	R	0	-57	-94	0	
6	R	0	-50	0	

DAY = 10
1	R	0	-48	-4	0	-41	0	
2	R	0	-80	0	
3	R	0	-1	-60	-66	0	
4	R	0	-81	0	

