DATASET = co2020 case challenge part
NAME = tools over vehicle days over vehicles over distance with 500 requests over 25 days

DAY = 1
1	R	0	401	403	323	339	450	0	
2	R	0	242	68	117	480	0	
3	R	0	466	0	
4	R	0	92	0	

DAY = 2
1	R	0	448	114	48	-401	394	410	57	213	0	
2	R	0	160	181	10	-339	90	210	458	438	0	
3	R	0	-480	0	
4	R	0	431	0	

DAY = 3
1	R	0	5	-410	70	110	329	14	-210	-458	-438	0	
2	R	0	135	34	342	498	238	103	493	0	
3	R	0	478	-181	484	363	-10	414	-450	383	215	-117	39	389	187	-160	185	0	
4	R	0	334	-431	425	-48	283	0	

DAY = 4
1	R	0	-448	-114	157	496	50	-213	304	492	106	0	
2	R	0	3	26	377	-394	-403	-498	346	275	336	0	
3	R	0	179	145	-135	1	-466	0	
4	R	0	415	188	224	-68	0	
5	R	0	129	24	-242	-90	204	322	-323	-363	81	-484	0	
6	R	0	279	-92	0	

DAY = 5
1	R	0	265	-377	146	391	247	211	446	-106	495	-425	118	0	
2	R	0	281	343	-187	-185	295	435	121	-496	-57	130	310	0	
3	R	0	-238	418	-39	-342	-14	390	428	-34	470	-179	0	
4	R	0	-336	97	93	253	-329	381	0	
5	R	0	398	222	161	-81	-383	0	

DAY = 6
1	R	0	-5	-26	-265	27	-146	-70	-279	140	89	-110	174	2	-446	-495	-157	0	
2	R	0	-281	278	-389	17	72	104	-398	-478	393	-222	-322	482	0	
3	R	0	172	184	-215	299	-414	257	194	-493	-310	-103	0	
4	R	0	-346	149	19	-275	333	-428	59	0	
5	R	0	-97	-415	-188	359	0	
6	R	0	-334	-283	107	0	

DAY = 7
1	R	0	-359	337	0	
2	R	0	-174	371	0	-3	490	0	
3	R	0	-93	142	0	
4	R	0	-247	78	0	
5	R	0	-1	270	0	
6	R	0	-24	463	0	
7	R	0	-27	4	-391	311	-2	297	-140	40	419	-333	-390	0	
8	R	0	-145	306	232	488	-418	-204	128	0	
9	R	0	467	-129	372	-224	-72	95	-50	-343	-304	-435	0	
10	R	0	-492	-121	294	0	

DAY = 8
1	R	0	88	280	-78	-118	452	-130	202	340	-17	-278	-295	455	-194	-393	13	0	
2	R	0	-161	23	9	499	-104	-467	58	158	387	0	
3	R	0	113	45	65	354	-253	-306	375	-19	120	0	
4	R	0	-270	250	192	293	-470	288	-59	-381	-40	-490	178	0	
5	R	0	378	-149	251	0	
6	R	0	-4	442	-211	203	0	

DAY = 9
1	R	0	434	417	-311	12	-95	407	429	41	69	0	
2	R	0	-23	-482	218	-488	-172	-184	131	-372	189	0	
3	R	0	485	-299	-128	237	-257	300	0	
4	R	0	-251	-142	-375	51	-192	165	-120	136	479	0	
5	R	0	29	0	
6	R	0	173	0	
7	R	0	-297	439	-89	284	262	98	0	
8	R	0	-107	0	

DAY = 10
1	R	0	-58	53	0	
2	R	0	-232	221	0	
3	R	0	-98	258	0	
4	R	0	-354	468	0	
5	R	0	-419	108	0	
6	R	0	-294	119	0	
7	R	0	236	0	
8	R	0	483	0	486	0	
9	R	0	-337	168	0	
10	R	0	-280	285	0	-371	494	0	
11	R	0	-455	223	0	
12	R	0	-218	344	0	
13	R	0	-13	0	
14	R	0	-463	0	
15	R	0	274	49	-452	199	-202	326	272	-9	-340	426	456	260	-88	0	
16	R	0	445	0	
17	R	0	408	481	-479	0	
18	R	0	-288	0	

DAY = 11
1	R	0	-300	11	0	
2	R	0	-468	219	0	
3	R	0	-53	273	0	
4	R	0	-429	62	0	
5	R	0	-387	235	0	
6	R	0	-258	316	0	
7	R	0	-65	77	0	
8	R	0	-108	0	
9	R	0	-119	0	
10	R	0	-483	0	
11	R	0	-485	0	
12	R	0	-136	234	0	-260	271	0	
13	R	0	-203	350	0	
14	R	0	-158	409	0	-49	413	0	
15	R	0	-173	437	0	
16	R	0	-293	132	0	
17	R	0	-178	411	0	
18	R	0	-378	469	0	
19	R	0	-45	0	
20	R	0	-113	0	
21	R	0	-284	0	-442	0	
22	R	0	-445	0	
23	R	0	-344	-434	-417	312	358	-12	-326	0	
24	R	0	-272	-69	-499	-426	373	-285	197	433	0	
25	R	0	309	-494	296	225	-250	360	-51	0	
26	R	0	230	0	

DAY = 12
1	R	0	447	-407	-271	-456	453	16	-409	-237	444	79	457	-273	44	-131	0	
2	R	0	43	-189	379	-11	-165	252	167	36	0	
3	R	0	-235	-296	220	475	-225	-29	-411	396	-486	-439	0	
4	R	0	33	451	208	-262	461	361	0	
5	R	0	-197	-41	162	-373	345	0	

DAY = 13
1	R	0	-16	321	0	
2	R	0	-36	362	0	-62	382	0	
3	R	0	-221	86	0	
4	R	0	-79	96	0	
5	R	0	-236	276	0	
6	R	0	331	0	38	0	183	0	
7	R	0	500	0	
8	R	0	150	-274	-312	-451	-358	-345	289	-199	-433	0	
9	R	0	-350	-453	-361	75	-43	141	0	
10	R	0	-408	-230	491	-360	-168	-252	102	0	
11	R	0	112	148	412	123	-208	216	0	
12	R	0	-223	0	
13	R	0	318	-437	324	0	
14	R	0	-481	0	

DAY = 14
1	R	0	109	186	267	-413	255	-469	449	440	395	421	-396	-33	-123	-309	454	287	-461	105	0	
2	R	0	347	367	-321	330	31	64	138	164	0	
3	R	0	207	423	-132	441	-491	404	-500	0	
4	R	0	-219	-86	-316	-112	-362	0	
5	R	0	-220	-77	249	-234	-318	0	
6	R	0	248	-324	0	
7	R	0	464	0	

DAY = 15
1	R	0	325	-109	-38	-447	212	392	254	376	115	171	0	
2	R	0	52	302	335	-162	-287	-382	-216	-454	0	
3	R	0	-395	264	341	-457	-444	-44	-141	427	-379	0	
4	R	0	83	-248	239	0	
5	R	0	472	-167	-475	0	
6	R	0	229	28	-75	0	

DAY = 16
1	R	0	291	-325	-150	-392	125	-183	-105	462	-347	-52	0	
2	R	0	-367	-171	-115	6	-376	-255	-276	-289	54	154	0	
3	R	0	190	193	151	-229	-31	473	348	-96	127	-427	0	
4	R	0	-404	133	156	-102	241	-148	474	-331	-449	163	0	
5	R	0	397	317	-412	169	0	
6	R	0	-464	0	
7	R	0	-239	0	

DAY = 17
1	R	0	196	352	-186	-267	268	-440	-421	21	-249	-241	7	290	0	
2	R	0	-441	66	269	-164	-138	-207	91	399	-64	0	
3	R	0	124	-193	231	-154	355	-151	-330	-28	0	
4	R	0	-423	18	0	
5	R	0	101	286	-254	-6	-335	37	177	0	

DAY = 18
1	R	0	63	74	384	406	364	328	-264	0	
2	R	0	152	-169	305	432	228	-190	205	0	
3	R	0	277	-269	-127	266	-66	73	56	122	-156	0	
4	R	0	-133	-83	61	-18	0	
5	R	0	15	243	-472	256	-474	0	
6	R	0	99	313	-397	-163	201	-212	471	147	-125	-286	-462	-302	159	67	366	0	
7	R	0	-341	195	-355	263	298	0	

DAY = 19
1	R	0	315	-196	-291	22	-366	-54	-195	0	
2	R	0	-231	214	-124	307	459	-473	-348	55	-91	-399	400	-152	0	
3	R	0	-73	153	-56	301	388	176	76	-266	144	0	
4	R	0	-290	368	-61	0	
5	R	0	-7	-243	-21	-99	-317	-268	-384	0	
6	R	0	-328	351	85	402	332	420	226	0	
7	R	0	292	405	-177	-37	0	

DAY = 20
1	R	0	-214	25	0	
2	R	0	-76	259	0	
3	R	0	-122	338	0	
4	R	0	-364	465	0	-63	489	0	
5	R	0	-176	8	0	
6	R	0	94	0	206	0	
7	R	0	244	0	
8	R	0	-352	-22	-471	-147	-101	261	233	-263	170	-67	209	-307	-459	227	0	
9	R	0	303	35	-144	82	374	0	
10	R	0	-15	217	245	319	0	
11	R	0	182	111	-351	134	-201	0	

DAY = 21
1	R	0	-277	20	0	
2	R	0	-305	385	0	
3	R	0	-8	430	0	
4	R	0	-432	497	0	-405	386	0	
5	R	0	-244	416	0	
6	R	0	-420	422	0	
7	R	0	-298	80	0	
8	R	0	-338	443	0	
9	R	0	191	-74	-406	-134	477	-313	100	436	-256	314	240	370	-388	-82	-153	0	
10	R	0	-228	84	-205	487	-400	-209	-159	143	-332	30	-233	-226	200	349	0	
11	R	0	-368	0	

DAY = 22
1	R	0	-497	71	0	
2	R	0	-259	42	0	
3	R	0	-430	60	0	
4	R	0	-465	137	0	-292	155	0	
5	R	0	-25	320	0	
6	R	0	-80	353	0	
7	R	0	-55	0	
8	R	0	-166	0	-422	0	
9	R	0	-315	-200	198	32	-85	-402	-143	-35	365	-227	357	0	
10	R	0	-319	-301	46	126	380	0	
11	R	0	139	-217	-111	0	
12	R	0	-349	282	0	

DAY = 23
1	R	0	-191	-206	-386	424	-489	369	-436	-182	-314	-240	0	
2	R	0	-46	-245	356	175	-374	-60	-357	-353	476	-303	0	
3	R	0	87	-487	-94	-20	180	-170	-30	0	
4	R	0	460	-261	-198	-155	116	327	47	-282	0	

DAY = 24
1	R	0	-443	246	-477	-100	-416	-71	-356	-380	0	
2	R	0	-139	-370	-385	-365	-84	0	
3	R	0	-87	-137	-47	-327	-460	-32	0	
4	R	0	308	0	

DAY = 25
1	R	0	-116	-424	-369	-246	-126	0	
2	R	0	-42	-175	-320	-476	0	
3	R	0	-180	0	
4	R	0	-308	0	

