DATASET = co2020 case challenge part
NAME = vehicles over tools over vehicle days over distance with 200 requests over 15 days

DAY = 1
1	R	0	35	0	115	112	0	121	0	
2	R	0	127	0	

DAY = 2
1	R	0	15	75	125	168	0	155	0	10	176	0	
2	R	0	94	47	28	3	182	185	0	
3	R	0	179	194	172	63	0	
4	R	0	148	138	0	
5	R	0	134	0	

DAY = 3
1	R	0	-94	101	0	-112	21	0	
2	R	0	-194	68	0	
3	R	0	-182	87	0	
4	R	0	188	0	-125	180	-115	0	
5	R	0	-121	11	0	12	0	
6	R	0	136	0	
7	R	0	200	79	38	129	0	
8	R	0	193	89	0	
9	R	0	128	90	0	

DAY = 4
1	R	0	-63	7	0	-179	24	0	
2	R	0	-172	73	0	-68	81	0	199	-35	0	
3	R	0	169	181	61	0	9	-10	0	-155	-168	-180	69	0	
4	R	0	54	-136	0	
5	R	0	-200	-47	141	-3	0	
6	R	0	143	59	-127	-185	-128	0	
7	R	0	166	0	
8	R	0	6	-138	0	
9	R	0	-134	0	

DAY = 5
1	R	0	-15	-21	-75	-199	0	123	-61	0	22	23	151	-11	-54	0	
2	R	0	109	-176	-12	100	103	186	-28	-79	-38	0	
3	R	0	167	41	-143	0	
4	R	0	-166	-89	42	0	
5	R	0	93	-148	0	
6	R	0	-87	-81	-169	31	0	

DAY = 6
1	R	0	-181	16	0	
2	R	0	-193	36	0	
3	R	0	-100	49	0	
4	R	0	-167	2	0	-123	113	0	
5	R	0	-6	161	0	
6	R	0	114	0	177	165	133	118	71	66	-101	0	
7	R	0	76	46	-7	20	33	-31	48	-9	191	146	0	
8	R	0	29	-188	-129	-59	65	-90	-93	158	170	-73	0	
9	R	0	160	0	

DAY = 7
1	R	0	-2	45	0	
2	R	0	-114	187	0	
3	R	0	-42	189	0	-113	152	0	
4	R	0	-69	154	0	85	0	
5	R	0	92	77	-22	-133	-71	142	195	-103	-186	-160	131	106	-24	88	0	
6	R	0	67	-141	126	0	
7	R	0	40	-33	13	0	

DAY = 8
1	R	0	-154	4	0	-16	111	0	
2	R	0	-36	8	0	
3	R	0	-189	18	0	
4	R	0	-45	25	0	
5	R	0	-41	147	0	196	0	
6	R	0	-48	39	0	-109	14	0	-151	64	0	
7	R	0	-46	178	0	-170	0	
8	R	0	34	-191	-23	-118	96	159	37	-158	0	

DAY = 9
1	R	0	-165	117	0	
2	R	0	-29	122	0	
3	R	0	-195	162	0	
4	R	0	78	0	52	0	
5	R	0	99	0	-4	1	0	
6	R	0	-49	53	0	-8	83	0	
7	R	0	-161	95	0	
8	R	0	184	0	
9	R	0	97	-177	43	144	153	5	-13	-39	70	-20	-76	-14	-66	-146	175	0	
10	R	0	139	-65	-131	137	157	-126	0	

DAY = 10
1	R	0	-96	104	0	-106	156	0	
2	R	0	-142	130	0	-40	26	0	
3	R	0	-92	56	0	-77	62	0	
4	R	0	-137	108	0	-144	0	-152	120	0	
5	R	0	-1	19	0	-147	58	0	-85	164	0	
6	R	0	-53	27	0	-18	72	0	
7	R	0	-25	107	0	
8	R	0	-187	197	0	
9	R	0	192	171	102	-99	-37	-88	-67	-78	0	
10	R	0	-162	-64	0	

DAY = 11
1	R	0	-111	55	0	
2	R	0	-58	57	0	
3	R	0	-107	86	0	-196	30	0	
4	R	0	-184	0	-197	0	
5	R	0	80	183	-52	116	-34	-178	74	51	-102	-159	84	0	
6	R	0	174	-175	-157	0	
7	R	0	-117	0	

DAY = 12
1	R	0	-97	-43	-153	-5	-116	0	-72	-192	-70	-80	150	-51	0	91	-83	-171	0	
2	R	0	-104	0	-86	50	0	
3	R	0	140	0	
4	R	0	135	163	-139	-174	-95	0	
5	R	0	82	-26	145	173	-122	105	0	
6	R	0	198	-57	0	

DAY = 13
1	R	0	110	44	-30	0	-19	0	-120	0	-55	0	
2	R	0	119	-82	-84	-156	0	
3	R	0	-27	-163	190	-135	-108	132	0	
4	R	0	-198	-130	17	-62	-74	-56	0	
5	R	0	-164	-105	124	0	

DAY = 14
1	R	0	-110	-183	-173	-119	0	-145	-190	0	
2	R	0	-124	60	98	0	
3	R	0	-91	32	0	
4	R	0	149	0	

DAY = 15
1	R	0	-44	-150	-32	-17	0	-50	0	
2	R	0	-140	0	
3	R	0	-132	-98	-60	0	
4	R	0	-149	0	

