DATASET = co2020 case challenge part
NAME = tools over vehicles over vehicle days over distance with 200 requests over 15 days

DAY = 1
1	R	0	179	48	10	0	
2	R	0	97	45	68	0	

DAY = 2
1	R	0	195	159	0	108	74	0	125	-97	0	91	0	
2	R	0	151	153	-68	185	0	

DAY = 3
1	R	0	-179	-151	0	73	-159	58	-108	0	162	28	51	174	-10	4	0	
2	R	0	99	0	72	41	0	
3	R	0	64	56	129	0	171	3	60	0	
4	R	0	9	61	168	121	0	
5	R	0	135	182	83	0	
6	R	0	22	0	
7	R	0	142	0	

DAY = 4
1	R	0	-195	0	-73	0	-48	7	-162	53	-28	-51	170	180	0	-99	0	
2	R	0	37	70	17	0	
3	R	0	50	92	67	0	
4	R	0	183	154	-3	194	-45	141	0	

DAY = 5
1	R	0	120	109	122	-171	0	82	-91	0	-125	198	0	103	-174	-74	197	-72	0	
2	R	0	-37	47	127	-185	0	
3	R	0	55	-17	-70	-50	-121	0	
4	R	0	-67	-153	-61	0	
5	R	0	-183	-9	150	2	0	
6	R	0	27	20	-56	-58	173	0	
7	R	0	90	-53	-22	137	0	

DAY = 6
1	R	0	145	-109	-129	88	29	-194	-141	0	119	-170	-7	0	62	-41	93	0	
2	R	0	144	-27	-64	-60	0	
3	R	0	-168	-135	184	-182	0	
4	R	0	-127	-55	0	
5	R	0	147	-83	189	-137	94	0	
6	R	0	21	-4	113	190	0	
7	R	0	46	-142	105	0	

DAY = 7
1	R	0	-120	66	-154	-122	-29	0	-82	146	0	110	-198	169	-103	0	104	26	-173	0	
2	R	0	13	25	-197	-180	0	123	0	
3	R	0	71	32	140	0	24	-2	112	0	
4	R	0	155	0	
5	R	0	133	111	33	-92	0	
6	R	0	136	114	-189	118	0	
7	R	0	98	164	0	

DAY = 8
1	R	0	139	-145	165	0	186	-20	178	65	175	-119	-71	177	0	
2	R	0	36	-25	-21	-62	0	-90	-93	-94	-112	0	
3	R	0	43	130	38	0	
4	R	0	87	69	-47	16	-118	-164	31	-150	-24	0	

DAY = 9
1	R	0	-98	8	0	
2	R	0	-155	193	0	-32	102	0	
3	R	0	-88	143	0	95	0	
4	R	0	15	-140	-144	-66	0	-178	81	80	-110	0	
5	R	0	89	126	-104	101	6	-26	-190	188	0	
6	R	0	-113	158	-13	134	-69	0	
7	R	0	86	-130	-136	-147	0	
8	R	0	-184	-46	-105	0	
9	R	0	23	0	

DAY = 10
1	R	0	-139	96	-165	0	100	57	152	-81	-175	-146	-169	34	0	
2	R	0	199	-123	0	75	-102	157	192	-134	138	0	
3	R	0	84	200	-87	-111	-33	0	
4	R	0	-86	-133	-38	11	0	
5	R	0	117	-8	-31	0	
6	R	0	30	79	0	
7	R	0	-114	128	0	

DAY = 11
1	R	0	-158	40	0	-36	77	0	
2	R	0	-186	191	0	-16	116	0	
3	R	0	-80	5	0	
4	R	0	166	0	42	85	-95	161	-138	14	187	-100	-152	35	-65	0	115	0	
5	R	0	107	-177	163	-192	-157	-75	132	0	
6	R	0	196	176	12	0	
7	R	0	149	-43	0	
8	R	0	63	59	0	
9	R	0	76	0	

DAY = 12
1	R	0	18	-35	-115	-89	0	-126	-101	-6	0	131	-15	54	-14	0	-77	0	
2	R	0	-163	-166	0	-132	172	-188	-34	181	-200	-84	0	
3	R	0	-196	49	0	
4	R	0	156	-143	-11	0	
5	R	0	-193	0	
6	R	0	19	44	-12	52	-23	-57	0	

DAY = 13
1	R	0	-42	-85	0	-131	148	0	-107	0	-199	-172	0	
2	R	0	78	160	-40	-176	0	
3	R	0	167	-149	0	
4	R	0	-117	0	
5	R	0	-156	1	-19	-116	0	
6	R	0	-44	-5	-128	0	
7	R	0	-191	-76	0	
8	R	0	-96	-30	-79	0	
9	R	0	-59	0	

DAY = 14
1	R	0	-18	39	-161	-187	-54	0	-148	106	124	-181	-160	0	
2	R	0	-167	0	
3	R	0	-49	-63	0	
4	R	0	-52	0	

DAY = 15
1	R	0	-39	-106	0	-124	0	-78	0	
2	R	0	-1	0	

