DATASET = co2020 case challenge part
NAME = tools over vehicles over vehicle days over distance with 100 requests over 10 days

DAY = 1
1	R	0	67	64	0	47	0	
2	R	0	86	0	
3	R	0	36	0	
4	R	0	29	0	

DAY = 2
1	R	0	-67	85	5	0	
2	R	0	15	66	58	0	
3	R	0	37	0	59	0	
4	R	0	63	0	
5	R	0	45	0	
6	R	0	1	0	
7	R	0	77	0	

DAY = 3
1	R	0	6	0	18	0	20	62	-64	30	0	
2	R	0	7	79	-63	13	0	
3	R	0	19	100	53	0	
4	R	0	43	12	-58	90	-59	-85	0	
5	R	0	27	78	16	-29	0	99	0	
6	R	0	82	0	

DAY = 4
1	R	0	-99	0	92	0	42	-20	0	-47	0	
2	R	0	-7	55	17	0	
3	R	0	28	-1	0	
4	R	0	-37	0	
5	R	0	68	61	-78	-15	-90	0	
6	R	0	-86	0	
7	R	0	-36	0	
8	R	0	24	50	0	
9	R	0	89	54	0	
10	R	0	26	0	

DAY = 5
1	R	0	-5	40	0	
2	R	0	-16	87	0	
3	R	0	-82	10	0	
4	R	0	-100	0	
5	R	0	-66	80	0	
6	R	0	-27	83	0	
7	R	0	-30	71	0	
8	R	0	98	0	
9	R	0	-19	22	0	-6	25	0	
10	R	0	-79	95	0	
11	R	0	-45	9	0	32	0	
12	R	0	2	0	91	0	8	49	-42	35	-62	31	33	0	
13	R	0	-61	0	
14	R	0	-77	56	-53	0	

DAY = 6
1	R	0	-92	34	0	-13	39	0	
2	R	0	-18	69	0	-91	74	0	
3	R	0	-56	88	0	
4	R	0	21	0	
5	R	0	51	0	
6	R	0	76	0	
7	R	0	-17	11	0	
8	R	0	-95	44	0	
9	R	0	-22	46	0	
10	R	0	-26	48	0	
11	R	0	93	0	72	-83	65	0	
12	R	0	-24	-12	0	
13	R	0	-43	0	
14	R	0	-55	84	57	0	

DAY = 7
1	R	0	41	94	-32	-48	-31	0	
2	R	0	81	-28	0	
3	R	0	-68	23	0	
4	R	0	52	97	-65	75	-50	0	
5	R	0	-89	-54	0	

DAY = 8
1	R	0	-72	38	-49	-87	-35	0	3	-33	0	-69	0	
2	R	0	-2	-25	0	-8	0	-88	0	
3	R	0	70	-98	-71	4	-75	-44	0	
4	R	0	-40	73	0	
5	R	0	96	-9	-80	0	
6	R	0	-21	0	
7	R	0	-39	14	-10	0	
8	R	0	60	-74	0	

DAY = 9
1	R	0	-41	0	-34	0	-57	-93	-23	0	
2	R	0	-52	-4	0	
3	R	0	-73	-76	0	
4	R	0	-46	-51	0	
5	R	0	-11	-84	0	

DAY = 10
1	R	0	-38	-14	0	-97	-70	0	
2	R	0	-96	-60	0	
3	R	0	-81	-3	0	-94	0	

