DATASET = co2020 case challenge part
NAME = tools over vehicles over vehicle days over distance with 300 requests over 20 days

DAY = 1
1	R	0	36	166	190	16	0	
2	R	0	11	68	0	
3	R	0	196	148	0	
4	R	0	19	291	0	

DAY = 2
1	R	0	104	281	124	-16	121	0	
2	R	0	292	78	-11	179	-68	0	
3	R	0	288	28	159	0	
4	R	0	250	94	0	

DAY = 3
1	R	0	97	-291	184	-148	213	-250	205	13	0	
2	R	0	-94	109	0	
3	R	0	271	126	0	
4	R	0	15	-196	226	0	
5	R	0	27	-78	0	
6	R	0	200	-190	192	0	

DAY = 4
1	R	0	245	-36	-166	279	-192	224	150	71	0	
2	R	0	102	-292	0	
3	R	0	-200	0	
4	R	0	-179	287	0	
5	R	0	75	-15	-126	-28	32	0	
6	R	0	69	127	0	
7	R	0	277	214	0	239	114	193	-19	189	0	
8	R	0	-109	238	-13	0	
9	R	0	230	0	

DAY = 5
1	R	0	-245	270	0	294	232	300	0	96	220	231	-104	0	
2	R	0	47	-281	-124	-121	14	0	
3	R	0	72	-277	54	0	
4	R	0	139	-288	210	55	-271	0	
5	R	0	264	-159	7	289	-97	-239	0	
6	R	0	197	-27	-287	0	
7	R	0	266	0	

DAY = 6
1	R	0	-197	-184	-193	208	191	0	
2	R	0	195	29	0	
3	R	0	260	117	43	-205	-213	37	129	-127	0	
4	R	0	-69	70	-75	83	-139	0	
5	R	0	-226	18	-14	286	0	
6	R	0	24	4	-300	0	
7	R	0	228	186	181	0	
8	R	0	154	158	183	0	

DAY = 7
1	R	0	-210	26	0	-270	261	0	
2	R	0	-214	76	0	
3	R	0	-208	110	0	
4	R	0	-220	207	0	
5	R	0	-71	268	0	
6	R	0	-154	59	0	
7	R	0	-150	136	0	
8	R	0	-114	198	0	
9	R	0	233	0	
10	R	0	248	0	
11	R	0	80	-294	282	-232	-47	0	-4	-230	0	
12	R	0	-72	146	180	-102	112	20	-224	-279	0	
13	R	0	-189	165	-29	62	0	
14	R	0	-7	-264	0	
15	R	0	-55	93	0	
16	R	0	119	-266	-32	-183	-238	0	

DAY = 8
1	R	0	74	254	-231	10	-96	73	0	-228	0	
2	R	0	84	-24	0	
3	R	0	17	283	0	
4	R	0	58	82	-20	216	164	0	
5	R	0	-18	-207	206	-54	0	
6	R	0	-59	-37	45	-43	-195	-191	-260	236	-289	0	
7	R	0	44	269	-83	-136	-158	90	0	
8	R	0	-26	0	

DAY = 9
1	R	0	91	-282	175	5	33	0	
2	R	0	9	-286	-180	229	225	280	0	
3	R	0	144	-216	-17	0	
4	R	0	-268	-186	-73	194	0	
5	R	0	262	293	-198	170	145	-129	-181	0	
6	R	0	178	89	-117	0	
7	R	0	152	265	234	-248	0	
8	R	0	202	-119	-70	-76	-206	0	

DAY = 10
1	R	0	-261	-74	-80	49	0	-194	30	63	-10	0	
2	R	0	-33	211	-9	88	-146	-112	77	-225	0	
3	R	0	41	-82	-283	-144	0	
4	R	0	-164	0	
5	R	0	-269	163	-93	273	276	-45	-62	50	-89	0	
6	R	0	-178	-233	0	
7	R	0	-110	-165	172	-236	215	51	0	
8	R	0	-265	-202	219	0	
9	R	0	34	0	

DAY = 11
1	R	0	251	111	-91	274	87	-215	0	131	8	0	
2	R	0	257	177	0	
3	R	0	162	227	0	
4	R	0	53	66	201	0	
5	R	0	42	-234	46	182	-170	-145	0	
6	R	0	-44	133	0	
7	R	0	40	-90	0	
8	R	0	255	81	-262	-293	171	-84	0	
9	R	0	-88	-58	0	
10	R	0	278	-63	-5	-175	0	123	-254	0	

DAY = 12
1	R	0	-211	169	0	
2	R	0	-40	223	0	
3	R	0	-41	106	0	
4	R	0	-133	240	0	
5	R	0	-8	0	-131	0	
6	R	0	-152	0	-251	147	0	
7	R	0	64	57	-201	185	-51	0	
8	R	0	100	-182	222	-276	113	-81	39	-229	0	
9	R	0	125	-280	246	297	0	
10	R	0	-219	-66	0	
11	R	0	-49	188	0	

DAY = 13
1	R	0	-274	-87	99	237	-257	285	25	-53	0	
2	R	0	-50	218	-42	0	
3	R	0	138	221	-240	-163	0	
4	R	0	-273	-113	0	
5	R	0	-255	249	98	155	-77	0	
6	R	0	107	-171	116	-30	56	0	
7	R	0	86	-34	-188	156	263	130	-278	0	
8	R	0	101	-172	-162	0	

DAY = 14
1	R	0	-111	267	-147	241	-237	52	-64	22	-46	0	
2	R	0	115	-100	-222	122	142	105	-223	212	0	
3	R	0	253	259	0	199	-123	21	0	
4	R	0	-86	6	-130	0	
5	R	0	-106	258	243	0	
6	R	0	-297	0	
7	R	0	60	298	-227	161	0	
8	R	0	-177	141	0	
9	R	0	235	-185	-218	0	

DAY = 15
1	R	0	160	151	295	-56	103	-6	-263	0	
2	R	0	-169	174	-125	-39	-107	0	
3	R	0	-98	-249	167	0	
4	R	0	-212	95	135	-221	0	
5	R	0	-138	-122	79	0	
6	R	0	252	-22	244	-285	48	-52	0	
7	R	0	-99	92	3	-57	0	
8	R	0	247	0	
9	R	0	134	-246	0	
10	R	0	-156	0	

DAY = 16
1	R	0	-105	157	0	
2	R	0	-60	203	0	-116	209	0	
3	R	0	-155	35	0	
4	R	0	-25	143	0	
5	R	0	-160	31	0	-267	-241	0	
6	R	0	296	-253	-259	0	-199	168	85	-174	0	
7	R	0	153	-258	-243	-101	-95	0	
8	R	0	-252	132	204	-247	128	0	
9	R	0	61	-92	0	

DAY = 17
1	R	0	176	67	-168	149	-21	-35	1	0	
2	R	0	118	-134	23	-153	2	0	
3	R	0	-142	-135	173	0	
4	R	0	256	299	0	
5	R	0	65	-115	-298	242	-161	0	
6	R	0	12	-141	-48	137	-235	217	0	

DAY = 18
1	R	0	-209	187	0	-103	275	0	
2	R	0	-157	290	0	
3	R	0	-79	38	0	
4	R	0	-31	0	
5	R	0	-143	0	-151	0	
6	R	0	-217	0	-295	0	
7	R	0	140	0	284	-85	-167	-1	0	
8	R	0	-23	0	
9	R	0	-256	-299	0	
10	R	0	-65	-132	0	
11	R	0	-244	-3	-204	0	
12	R	0	272	0	

DAY = 19
1	R	0	-67	-149	-275	0	
2	R	0	-187	-2	-290	-118	120	0	
3	R	0	-296	-38	-203	-137	0	
4	R	0	-242	0	
5	R	0	-12	0	
6	R	0	-128	0	
7	R	0	-61	108	0	

DAY = 20
1	R	0	-176	-140	0	-284	-120	0	
2	R	0	-108	-173	0	
3	R	0	-272	0	

