DATASET = co2020 case challenge part
NAME = vehicle days over tools over vehicles over distance with 300 requests over 20 days

DAY = 1
1	R	0	47	79	0	141	0	
2	R	0	117	0	
3	R	0	183	174	0	
4	R	0	283	86	0	

DAY = 2
1	R	0	-141	251	230	0	246	0	
2	R	0	104	-183	-174	0	
3	R	0	26	-86	297	0	
4	R	0	52	244	0	
5	R	0	154	0	
6	R	0	116	0	34	0	

DAY = 3
1	R	0	25	209	0	187	0	6	-34	163	0	
2	R	0	287	0	144	0	
3	R	0	226	282	0	
4	R	0	83	276	-117	0	
5	R	0	74	-104	122	0	
6	R	0	292	0	
7	R	0	82	-116	59	-154	0	
8	R	0	69	-26	0	
9	R	0	-79	125	0	

DAY = 4
1	R	0	249	0	153	-47	-125	0	87	-230	-251	0	
2	R	0	299	-163	191	121	0	
3	R	0	169	-83	245	0	
4	R	0	271	212	0	
5	R	0	264	0	
6	R	0	291	0	
7	R	0	220	0	
8	R	0	214	0	
9	R	0	76	46	-52	36	0	
10	R	0	148	-82	0	
11	R	0	-283	158	0	
12	R	0	281	160	0	

DAY = 5
1	R	0	274	0	42	0	51	0	167	-209	294	0	
2	R	0	-187	298	237	0	-246	0	
3	R	0	-299	-144	236	-121	0	
4	R	0	90	0	
5	R	0	65	-169	-276	64	0	
6	R	0	-214	0	
7	R	0	-76	173	-122	0	
8	R	0	-212	-282	222	-281	0	
9	R	0	5	-160	0	208	0	
10	R	0	235	-244	-36	-297	19	0	
11	R	0	-69	-158	0	

DAY = 6
1	R	0	253	-249	0	-153	0	101	22	-208	15	-59	0	
2	R	0	27	-46	-173	0	
3	R	0	-264	0	
4	R	0	-292	-271	0	
5	R	0	-74	0	
6	R	0	18	110	-291	0	
7	R	0	-220	221	2	0	
8	R	0	138	0	
9	R	0	293	-226	0	
10	R	0	37	229	-287	0	-87	0	
11	R	0	-6	72	-42	0	
12	R	0	-25	108	-222	0	
13	R	0	196	0	279	0	

DAY = 7
1	R	0	193	0	165	-274	0	134	-51	0	285	-138	0	
2	R	0	257	-191	0	
3	R	0	-236	126	0	
4	R	0	189	228	0	
5	R	0	35	95	-237	0	
6	R	0	139	-64	216	-110	0	
7	R	0	-245	16	262	0	
8	R	0	233	225	133	0	
9	R	0	289	-148	0	
10	R	0	232	66	-15	0	
11	R	0	29	0	

DAY = 8
1	R	0	44	-253	33	-22	-235	0	-66	0	199	265	-134	0	-72	0	
2	R	0	-167	0	-294	-298	58	0	
3	R	0	273	-189	-2	0	
4	R	0	-90	0	
5	R	0	-65	0	
6	R	0	-139	157	-18	85	-216	43	-37	0	
7	R	0	-229	0	
8	R	0	61	-95	0	
9	R	0	170	-16	0	
10	R	0	-221	4	-19	-133	0	
11	R	0	81	200	-108	0	278	-5	0	
12	R	0	113	256	0	55	-196	0	
13	R	0	124	0	

DAY = 9
1	R	0	-193	0	-44	0	-101	0	-33	197	-265	0	295	21	0	288	0	252	0	
2	R	0	71	-29	0	204	129	0	
3	R	0	258	-225	-233	0	
4	R	0	-27	0	
5	R	0	-289	0	
6	R	0	10	-4	-232	0	
7	R	0	99	-170	0	
8	R	0	198	40	270	0	
9	R	0	277	-228	93	0	
10	R	0	234	0	
11	R	0	171	-43	0	
12	R	0	1	91	-293	195	0	
13	R	0	290	123	0	
14	R	0	210	-279	0	

DAY = 10
1	R	0	-126	67	0	
2	R	0	-285	68	0	
3	R	0	-55	89	0	
4	R	0	-295	96	0	
5	R	0	-204	205	0	
6	R	0	-165	267	0	
7	R	0	-252	56	0	
8	R	0	24	0	
9	R	0	103	0	
10	R	0	166	0	
11	R	0	182	0	
12	R	0	254	0	94	-278	109	-113	-256	17	0	
13	R	0	156	-124	181	-61	-257	0	
14	R	0	-91	268	-273	-35	0	
15	R	0	-270	105	-262	54	-81	184	177	0	

DAY = 11
1	R	0	-21	20	0	-200	128	0	
2	R	0	-68	152	0	
3	R	0	-10	175	0	
4	R	0	-58	240	0	-197	14	0	
5	R	0	-290	136	0	
6	R	0	-67	263	0	
7	R	0	-267	275	0	
8	R	0	-24	0	
9	R	0	-182	0	
10	R	0	-258	0	
11	R	0	-199	146	-109	78	-71	180	0	
12	R	0	12	63	-195	0	
13	R	0	-93	217	-85	0	
14	R	0	-157	-198	140	-54	0	

DAY = 12
1	R	0	-99	38	0	
2	R	0	-210	97	0	
3	R	0	-171	155	0	
4	R	0	-96	190	0	-288	111	0	
5	R	0	-166	250	0	
6	R	0	-1	112	0	
7	R	0	-277	280	0	
8	R	0	-56	300	0	
9	R	0	-40	0	
10	R	0	-136	0	98	0	
11	R	0	151	-146	0	-78	0	
12	R	0	-94	178	-129	-184	-105	248	0	
13	R	0	45	62	0	
14	R	0	150	-12	-217	0	
15	R	0	-268	0	
16	R	0	-234	-123	259	0	
17	R	0	266	0	

DAY = 13
1	R	0	-300	57	0	-280	192	0	
2	R	0	-205	7	0	-128	41	0	
3	R	0	-152	80	0	-254	284	0	
4	R	0	-175	286	0	
5	R	0	-263	73	0	
6	R	0	-38	131	0	
7	R	0	-89	227	0	
8	R	0	-103	247	0	
9	R	0	179	-17	11	-156	28	-180	31	-140	147	0	
10	R	0	102	0	
11	R	0	143	-259	201	0	
12	R	0	164	-177	115	-178	261	23	0	
13	R	0	-181	0	

DAY = 14
1	R	0	-97	0	211	-111	0	-41	-227	0	-14	60	-20	0	
2	R	0	-57	168	77	0	
3	R	0	-240	0	-190	0	
4	R	0	-80	0	-62	-31	0	
5	R	0	-73	-63	0	
6	R	0	206	0	
7	R	0	213	-45	0	
8	R	0	-248	118	-155	0	
9	R	0	-143	88	-131	243	-275	0	
10	R	0	114	-250	0	215	0	
11	R	0	223	-28	127	0	
12	R	0	-201	0	
13	R	0	-284	53	0	

DAY = 15
1	R	0	-98	0	-151	145	-11	-77	0	
2	R	0	-150	231	0	
3	R	0	49	0	
4	R	0	172	92	-112	0	
5	R	0	272	-102	0	
6	R	0	-286	188	0	
7	R	0	-266	0	
8	R	0	100	-115	0	
9	R	0	161	0	

DAY = 16
1	R	0	-192	75	-211	0	149	-179	207	84	0	107	70	-23	-261	0	
2	R	0	-53	130	-114	-164	0	
3	R	0	-147	239	0	
4	R	0	162	-49	0	
5	R	0	-213	0	
6	R	0	218	-206	0	
7	R	0	-247	106	241	0	
8	R	0	176	-168	0	
9	R	0	50	0	
10	R	0	3	296	-127	0	
11	R	0	-7	-100	0	

DAY = 17
1	R	0	30	242	0	142	-223	0	-145	0	9	-70	0	
2	R	0	-60	255	-50	202	-92	0	
3	R	0	39	0	
4	R	0	185	-106	0	
5	R	0	159	0	269	0	
6	R	0	48	-162	0	
7	R	0	-239	-88	0	
8	R	0	-118	0	
9	R	0	-272	0	
10	R	0	8	-243	0	
11	R	0	186	-130	0	-161	224	135	-215	0	

DAY = 18
1	R	0	-75	0	-30	0	119	-107	-9	0	-84	-231	0	
2	R	0	13	-218	194	-172	0	
3	R	0	219	-296	-3	32	-241	132	0	
4	R	0	-186	-135	0	
5	R	0	-188	238	0	
6	R	0	-255	203	0	

DAY = 19
1	R	0	-119	0	-149	0	-142	0	-207	-224	0	
2	R	0	-48	120	-185	0	
3	R	0	-159	0	-176	0	
4	R	0	260	-202	0	
5	R	0	-194	-8	0	
6	R	0	-238	0	
7	R	0	137	0	

DAY = 20
1	R	0	-242	-269	0	-120	0	
2	R	0	-13	0	
3	R	0	-39	0	
4	R	0	-219	0	
5	R	0	-260	0	
6	R	0	-32	0	-137	0	
7	R	0	-132	0	
8	R	0	-203	0	

