DATASET = co2020 case challenge part
NAME = tools over vehicle days over vehicles over distance with 300 requests over 20 days

DAY = 1
1	R	0	209	210	207	0	38	0	
2	R	0	279	0	
3	R	0	109	155	0	
4	R	0	106	70	0	

DAY = 2
1	R	0	16	-209	132	157	0	92	-207	-210	0	238	0	
2	R	0	296	0	178	150	-70	21	0	
3	R	0	22	0	229	41	0	
4	R	0	72	0	
5	R	0	34	93	-38	0	
6	R	0	25	129	0	

DAY = 3
1	R	0	-16	205	-132	0	130	126	0	281	228	113	24	0	136	98	0	
2	R	0	246	0	216	0	
3	R	0	254	153	274	-155	0	
4	R	0	-41	-72	272	0	
5	R	0	32	-109	208	287	0	31	0	
6	R	0	154	50	0	
7	R	0	-34	0	

DAY = 4
1	R	0	-281	217	-113	149	255	-98	0	264	-296	-153	0	
2	R	0	-21	111	89	-106	133	-229	0	
3	R	0	55	174	0	
4	R	0	187	-32	0	
5	R	0	-279	0	104	262	54	0	
6	R	0	76	0	

DAY = 5
1	R	0	-262	6	0	-31	135	0	-22	151	0	
2	R	0	-24	165	0	-255	185	0	
3	R	0	-238	218	0	
4	R	0	-76	292	0	
5	R	0	278	0	13	0	
6	R	0	19	0	51	0	294	0	
7	R	0	-126	280	-92	-149	-228	-157	179	-205	84	0	
8	R	0	-154	275	120	66	213	-93	-104	212	-25	0	
9	R	0	-129	-178	-150	0	
10	R	0	-274	88	0	

DAY = 6
1	R	0	260	40	-130	0	220	269	277	0	161	-136	0	-292	206	0	
2	R	0	-246	0	-216	2	0	
3	R	0	-254	134	-111	102	0	
4	R	0	276	-218	0	-278	-55	286	128	-208	0	
5	R	0	196	-272	-187	15	0	
6	R	0	253	-287	-84	0	
7	R	0	-135	-217	0	-50	18	75	0	

DAY = 7
1	R	0	-165	0	-280	-161	144	0	96	-264	239	233	-2	52	0	
2	R	0	193	-179	0	201	0	198	298	0	
3	R	0	39	295	-13	121	0	202	224	-54	8	0	
4	R	0	107	-6	230	0	-174	-128	0	
5	R	0	53	0	227	0	
6	R	0	114	-253	0	
7	R	0	-133	117	-89	192	0	
8	R	0	-18	0	

DAY = 8
1	R	0	116	248	-260	-185	0	-40	-269	-277	62	-294	-239	10	0	
2	R	0	-193	271	-134	-120	0	-275	251	0	
3	R	0	-117	-66	0	-213	-15	203	0	
4	R	0	180	0	20	78	-151	0	
5	R	0	-8	26	-19	28	-212	-51	124	85	0	
6	R	0	-88	0	

DAY = 9
1	R	0	-276	68	0	-295	103	0	
2	R	0	-196	172	0	-220	225	0	-52	11	0	
3	R	0	-298	48	0	-224	73	0	
4	R	0	-124	77	0	
5	R	0	-102	188	0	
6	R	0	-286	284	0	
7	R	0	-75	67	0	
8	R	0	163	0	
9	R	0	191	0	241	0	
10	R	0	-198	5	0	-180	47	0	-26	118	0	
11	R	0	-201	146	0	-233	300	0	
12	R	0	-251	143	0	
13	R	0	-206	164	0	214	0	27	0	
14	R	0	97	0	112	0	

DAY = 10
1	R	0	-39	81	0	-107	232	0	
2	R	0	-227	247	0	-96	46	0	
3	R	0	-248	56	0	-10	63	0	
4	R	0	-164	83	0	
5	R	0	-114	243	0	-97	263	0	
6	R	0	-53	285	0	
7	R	0	-192	0	
8	R	0	-85	-73	235	-67	-11	-144	160	169	-271	221	-68	194	0	
9	R	0	159	-230	-203	290	29	-202	-121	0	
10	R	0	-191	0	

DAY = 11
1	R	0	-116	291	-48	0	-118	190	23	-172	-194	-78	9	44	0	
2	R	0	33	-47	0	
3	R	0	-20	-290	-112	123	0	
4	R	0	173	119	0	
5	R	0	99	65	299	-300	0	
6	R	0	91	142	-169	58	-62	-214	0	-27	0	
7	R	0	-146	0	-225	0	204	-28	0	
8	R	0	189	226	-143	0	

DAY = 12
1	R	0	-5	0	-204	0	-284	168	17	-103	0	186	0	
2	R	0	7	-46	-188	289	-160	223	156	-163	0	
3	R	0	127	57	0	
4	R	0	69	-221	-65	145	237	0	
5	R	0	-119	-241	177	49	0	
6	R	0	240	167	-285	-77	0	
7	R	0	-232	184	35	-226	0	
8	R	0	211	0	

DAY = 13
1	R	0	-81	0	-235	-63	162	0	61	258	195	0	
2	R	0	166	-127	-223	0	
3	R	0	-83	-56	4	0	
4	R	0	95	-263	-9	236	-49	-243	244	-44	-159	199	0	
5	R	0	-247	0	139	-23	101	-29	-190	74	0	
6	R	0	152	60	-211	245	-173	0	

DAY = 14
1	R	0	-91	125	0	-58	170	0	-95	197	0	
2	R	0	-101	250	0	-289	141	0	
3	R	0	-123	176	0	
4	R	0	-167	200	0	-236	215	0	
5	R	0	-60	249	0	-17	266	0	
6	R	0	-57	0	-142	0	
7	R	0	-156	0	-189	0	
8	R	0	-291	14	147	-74	0	-35	138	-244	0	
9	R	0	-33	0	
10	R	0	-237	270	-99	-299	182	0	43	0	
11	R	0	171	0	36	0	140	0	
12	R	0	297	0	

DAY = 15
1	R	0	-250	82	288	30	-168	0	-7	0	-186	0	
2	R	0	158	219	-258	108	-69	234	0	
3	R	0	-270	0	-145	90	-4	0	
4	R	0	283	-177	-240	242	-199	-138	0	256	131	-147	0	
5	R	0	42	80	-184	222	0	
6	R	0	-245	0	

DAY = 16
1	R	0	293	-82	0	100	0	64	-266	115	-30	122	0	94	110	-61	-162	-219	0	
2	R	0	-108	-195	-166	1	-42	259	0	
3	R	0	79	-139	-152	0	268	-200	-242	261	45	0	
4	R	0	273	0	
5	R	0	59	-176	-249	0	
6	R	0	231	-90	0	

DAY = 17
1	R	0	71	0	87	175	-297	3	-158	181	0	
2	R	0	148	-140	0	-141	-36	0	
3	R	0	-125	-182	0	-43	0	
4	R	0	-171	-1	0	-170	-14	-215	0	
5	R	0	105	-268	0	-261	-231	0	
6	R	0	37	0	
7	R	0	12	-197	86	0	
8	R	0	-222	137	0	

DAY = 18
1	R	0	-293	-100	0	-64	-288	-87	0	-71	0	-115	-131	0	-256	0	
2	R	0	282	-105	0	-283	0	
3	R	0	-37	0	
4	R	0	-12	-86	-234	267	257	-3	252	-110	0	
5	R	0	183	-148	-80	0	

DAY = 19
1	R	0	-175	-122	0	-183	-94	-181	0	
2	R	0	-257	-259	0	
3	R	0	-79	265	-45	-273	0	
4	R	0	-59	0	

DAY = 20
1	R	0	-252	-267	-282	0	
2	R	0	-137	-265	0	

