DATASET = co2020 case challenge part
NAME = tools over vehicles over vehicle days over distance with 500 requests over 25 days

DAY = 1
1	R	0	415	13	0	165	272	0	
2	R	0	375	36	0	
3	R	0	322	378	0	

DAY = 2
1	R	0	87	0	426	0	121	0	499	0	357	497	0	
2	R	0	317	0	1	0	
3	R	0	262	465	-375	418	7	0	
4	R	0	41	0	265	0	
5	R	0	452	0	469	0	
6	R	0	286	84	-378	0	
7	R	0	230	211	0	

DAY = 3
1	R	0	-87	25	-13	144	0	409	-357	0	124	17	0	169	-499	0	
2	R	0	-322	108	0	148	383	328	-469	483	0	
3	R	0	95	0	210	0	
4	R	0	82	56	0	
5	R	0	271	-230	0	
6	R	0	119	0	423	-272	0	
7	R	0	63	-41	332	46	-36	0	
8	R	0	43	0	
9	R	0	112	-7	0	

DAY = 4
1	R	0	9	-415	270	0	-409	0	259	-165	370	0	
2	R	0	496	-497	-317	458	-332	0	-63	0	
3	R	0	302	-418	16	0	
4	R	0	349	70	0	
5	R	0	198	0	107	0	
6	R	0	232	0	398	0	
7	R	0	440	99	0	468	325	-119	-265	0	-426	0	
8	R	0	439	19	-121	0	-169	-17	0	-124	351	0	
9	R	0	57	0	421	388	278	0	
10	R	0	44	-56	0	
11	R	0	-43	0	

DAY = 5
1	R	0	-286	89	0	-465	101	0	
2	R	0	-25	136	0	-423	233	0	-468	334	0	
3	R	0	-108	140	0	-16	189	0	
4	R	0	-82	292	0	
5	R	0	-349	372	0	
6	R	0	-328	494	0	
7	R	0	-84	24	0	
8	R	0	-232	377	0	-278	438	0	
9	R	0	-9	155	0	263	0	109	0	369	-483	0	
10	R	0	-452	100	0	
11	R	0	106	-210	411	256	0	
12	R	0	419	410	0	
13	R	0	493	0	239	-496	264	0	
14	R	0	213	221	-1	0	
15	R	0	-262	-351	0	
16	R	0	-211	0	

DAY = 6
1	R	0	-440	304	0	-302	444	0	
2	R	0	-144	60	0	-99	131	0	-372	183	0	
3	R	0	-101	235	0	
4	R	0	-95	382	0	-148	52	0	
5	R	0	-383	98	0	
6	R	0	-271	130	0	
7	R	0	153	0	157	0	172	0	
8	R	0	179	0	321	0	475	0	
9	R	0	329	-19	115	0	126	0	430	-213	-112	0	
10	R	0	-221	-46	166	-70	0	
11	R	0	266	0	164	0	
12	R	0	396	-100	0	-109	0	
13	R	0	-57	0	

DAY = 7
1	R	0	-131	150	0	-52	196	0	-370	473	0	
2	R	0	-259	80	0	-388	143	0	
3	R	0	-439	228	0	-44	353	0	
4	R	0	-130	149	0	-233	216	0	
5	R	0	-60	323	0	-458	381	0	
6	R	0	-325	387	0	
7	R	0	-172	397	0	
8	R	0	-444	0	-270	77	0	254	-155	173	0	
9	R	0	175	-421	-369	0	-398	220	-198	0	
10	R	0	-107	0	
11	R	0	-411	102	0	
12	R	0	224	-239	0	

DAY = 8
1	R	0	-157	6	0	-438	75	0	-150	142	0	
2	R	0	-136	208	0	-89	344	0	
3	R	0	-292	47	0	-140	338	0	
4	R	0	-24	407	0	
5	R	0	-183	495	0	-189	40	0	-494	72	0	
6	R	0	-334	288	0	-377	365	0	
7	R	0	-153	402	0	
8	R	0	428	0	-264	50	0	
9	R	0	-164	97	0	-329	105	0	
10	R	0	-106	240	0	
11	R	0	-493	406	0	-263	425	0	
12	R	0	-224	471	0	
13	R	0	-220	479	0	
14	R	0	-256	76	0	
15	R	0	-266	199	0	-410	133	0	
16	R	0	-396	194	0	
17	R	0	-419	347	0	

DAY = 9
1	R	0	-381	122	0	-495	244	0	
2	R	0	-353	251	0	-143	477	0	
3	R	0	-6	49	0	-208	96	0	
4	R	0	-304	241	0	-338	269	0	-387	336	0	
5	R	0	-321	466	0	-382	250	0	
6	R	0	-72	424	0	
7	R	0	-179	436	0	-98	0	-149	0	
8	R	0	-228	0	-235	0	
9	R	0	-323	0	-475	0	-133	79	0	
10	R	0	-430	134	0	-240	276	0	
11	R	0	-471	412	0	-166	422	0	
12	R	0	-194	487	0	
13	R	0	-50	18	0	
14	R	0	-76	116	0	
15	R	0	-347	174	0	
16	R	0	-97	204	0	-425	206	0	
17	R	0	-254	348	0	-115	350	0	-126	472	0	
18	R	0	-175	35	0	-102	39	0	289	0	
19	R	0	308	0	362	0	

DAY = 10
1	R	0	-412	34	0	
2	R	0	-77	68	0	-134	92	0	
3	R	0	-308	123	0	-350	93	0	
4	R	0	-348	296	0	-35	340	0	
5	R	0	-479	403	0	-173	437	0	
6	R	0	-116	464	0	
7	R	0	484	0	186	0	360	0	
8	R	0	-196	287	488	-80	363	-288	-473	0	
9	R	0	-49	37	-216	191	408	-407	32	-250	-47	-142	0	
10	R	0	-397	-365	215	463	-402	467	234	0	

DAY = 11
1	R	0	-204	21	0	-105	23	0	
2	R	0	-199	379	0	
3	R	0	-123	392	0	-79	417	0	
4	R	0	-422	27	0	
5	R	0	-472	38	0	-289	267	0	
6	R	0	-39	295	0	-206	316	0	
7	R	0	-406	386	0	
8	R	0	-18	0	
9	R	0	-75	-336	-40	405	-428	277	0	
10	R	0	-344	139	-251	0	
11	R	0	-241	-466	457	448	-436	0	

DAY = 12
1	R	0	-287	-362	-386	0	-122	-360	-363	0	-464	-424	0	-68	253	0	
2	R	0	78	0	355	-392	0	
3	R	0	-174	-96	223	-38	0	
4	R	0	298	380	299	-244	-186	0	-403	-295	5	0	
5	R	0	-487	0	-21	167	-467	0	
6	R	0	-276	0	-269	-477	0	
7	R	0	285	0	
8	R	0	180	0	
9	R	0	320	120	352	0	
10	R	0	420	-296	128	0	

DAY = 13
1	R	0	460	202	-340	-488	462	156	-316	0	-92	0	305	2	181	0	
2	R	0	20	161	-484	0	
3	R	0	-93	-298	252	0	485	-437	366	0	
4	R	0	28	-191	246	-37	385	0	394	-355	435	450	0	
5	R	0	327	-277	0	371	432	-234	0	
6	R	0	374	-379	0	
7	R	0	-180	0	
8	R	0	-457	-215	3	0	
9	R	0	361	-448	-463	443	137	0	
10	R	0	14	429	-32	-408	0	
11	R	0	73	225	0	
12	R	0	-34	0	

DAY = 14
1	R	0	236	152	170	-267	0	384	-23	0	
2	R	0	-305	-435	145	-417	-405	0	
3	R	0	-485	335	0	132	160	0	
4	R	0	391	-366	0	-394	88	168	0	
5	R	0	11	29	0	
6	R	0	222	-420	-128	309	-429	-371	154	0	
7	R	0	333	178	-139	310	-27	51	-443	-352	0	
8	R	0	-120	416	-167	461	359	0	
9	R	0	399	-73	0	
10	R	0	291	0	

DAY = 15
1	R	0	-462	249	0	-236	313	0	
2	R	0	-320	331	0	
3	R	0	-29	342	0	
4	R	0	-152	456	0	
5	R	0	-385	500	0	-156	15	0	
6	R	0	-181	69	0	-380	118	0	
7	R	0	-223	275	0	
8	R	0	-299	319	0	376	0	
9	R	0	427	0	4	0	
10	R	0	158	0	273	0	301	0	389	0	
11	R	0	492	0	-202	138	-253	0	
12	R	0	-78	146	-145	147	-28	459	0	83	0	
13	R	0	135	0	177	0	
14	R	0	312	-137	0	
15	R	0	113	-5	0	
16	R	0	-327	449	176	-361	0	
17	R	0	-285	498	0	
18	R	0	-335	0	

DAY = 16
1	R	0	-313	53	0	-291	58	0	
2	R	0	-88	61	0	-450	434	0	-384	447	0	
3	R	0	-11	111	0	-2	413	0	
4	R	0	-3	0	-20	0	
5	R	0	-154	0	-161	0	
6	R	0	-252	0	-310	0	
7	R	0	-331	0	
8	R	0	-342	0	-376	0	
9	R	0	-427	0	-432	0	
10	R	0	-456	0	-460	481	404	0	258	0	
11	R	0	182	-225	-170	203	-146	193	-391	-246	0	
12	R	0	-459	0	-83	55	-309	-14	0	
13	R	0	-51	214	-333	284	-449	62	0	
14	R	0	85	-374	0	
15	R	0	-359	91	-132	0	

DAY = 17
1	R	0	184	-481	-389	0	-498	0	-399	0	-404	0	-258	314	-275	0	-319	433	65	-249	-15	0	
2	R	0	-168	-4	0	-135	0	
3	R	0	311	-147	354	-193	283	0	
4	R	0	212	-160	-91	0	-177	0	
5	R	0	-312	0	
6	R	0	-111	-222	187	0	-113	0	
7	R	0	-178	207	446	0	
8	R	0	486	-176	-158	-461	368	0	-85	0	
9	R	0	218	-416	0	

DAY = 18
1	R	0	-301	171	248	-413	-447	0	-138	-69	300	0	297	0	445	0	
2	R	0	474	237	-184	103	0	489	0	54	-284	-273	364	0	
3	R	0	242	0	294	-207	0	
4	R	0	454	-500	238	0	
5	R	0	257	42	0	
6	R	0	303	-55	0	74	-58	-311	0	
7	R	0	-354	-492	192	0	345	-65	-118	0	

DAY = 19
1	R	0	59	-237	-434	0	-314	324	0	451	-445	0	117	-182	-300	0	-433	0	
2	R	0	-203	0	-61	-74	0	346	0	
3	R	0	229	205	0	326	0	
4	R	0	341	227	414	-364	0	-103	-53	94	0	-62	293	0	
5	R	0	395	0	358	-454	226	0	
6	R	0	-486	0	
7	R	0	114	-214	455	190	0	
8	R	0	200	482	0	
9	R	0	26	0	
10	R	0	209	-212	104	0	
11	R	0	255	339	0	

DAY = 20
1	R	0	-257	110	0	
2	R	0	-242	195	0	-200	217	0	
3	R	0	-368	219	0	-227	247	0	
4	R	0	-218	318	0	
5	R	0	-117	159	0	-248	281	0	
6	R	0	-187	431	0	
7	R	0	-54	470	0	
8	R	0	-446	476	0	
9	R	0	-192	33	0	71	0	
10	R	0	125	0	
11	R	0	306	0	-59	0	-324	8	0	30	0	
12	R	0	129	0	279	-283	337	0	163	0	
13	R	0	185	-255	0	
14	R	0	-209	0	
15	R	0	-482	22	-303	0	
16	R	0	67	0	45	-294	0	
17	R	0	-395	260	0	-293	0	
18	R	0	-190	151	0	

DAY = 21
1	R	0	-171	390	282	0	197	0	480	-30	201	367	-345	274	0	
2	R	0	141	-104	10	81	0	162	-346	0	
3	R	0	-185	0	-229	-205	-470	0	
4	R	0	-326	0	
5	R	0	-42	453	0	
6	R	0	-67	0	48	-476	-260	0	
7	R	0	-358	400	86	-489	90	-474	-451	0	-8	0	
8	R	0	-297	0	280	0	127	0	
9	R	0	66	401	0	
10	R	0	-238	0	

DAY = 22
1	R	0	-219	0	12	-90	0	-94	0	315	-195	0	
2	R	0	330	-341	373	-247	0	-45	-114	0	
3	R	0	-414	-226	-86	-306	64	442	-33	0	
4	R	0	-280	0	-66	245	-282	0	441	0	307	-81	0	
5	R	0	31	-339	0	
6	R	0	-26	188	0	
7	R	0	356	-455	0	

DAY = 23
1	R	0	393	-197	0	-127	0	-129	231	-279	491	0	
2	R	0	490	-337	0	-10	0	-162	0	
3	R	0	-281	243	-217	0	-31	0	
4	R	0	-71	-141	0	
5	R	0	290	-125	-401	0	-163	0	
6	R	0	261	-431	-356	-453	0	
7	R	0	-151	-110	0	
8	R	0	-318	0	
9	R	0	-22	478	-64	-159	0	

DAY = 24
1	R	0	-390	-441	0	-245	0	-393	-480	0	-201	-367	0	-231	0	
2	R	0	-274	0	-290	0	
3	R	0	-491	-490	0	
4	R	0	-261	-48	268	-400	0	
5	R	0	-478	343	0	

DAY = 25
1	R	0	-12	0	-442	-343	0	-315	0	-330	-373	0	
2	R	0	-268	0	-188	0	
3	R	0	-243	0	-307	0	

