DATASET = co2020 case challenge part
NAME = tools over distance over vehicle days over vehicles with 500 requests over 25 days

DAY = 1
1	R	0	323	240	0	
2	R	0	17	166	86	30	412	0	
3	R	0	105	108	140	0	

DAY = 2
1	R	0	287	0	496	460	0	261	292	-323	0	130	0	
2	R	0	10	0	472	0	
3	R	0	360	369	0	69	347	377	0	
4	R	0	47	-412	0	
5	R	0	485	64	79	78	0	122	0	

DAY = 3
1	R	0	224	0	402	423	0	316	0	357	-261	0	297	53	0	270	0	
2	R	0	46	0	439	0	71	0	
3	R	0	381	132	354	372	0	
4	R	0	473	-47	0	
5	R	0	81	493	90	-485	0	
6	R	0	413	-79	-64	60	138	-108	314	280	0	
7	R	0	469	484	21	488	0	
8	R	0	453	160	438	-166	0	
9	R	0	205	183	12	0	

DAY = 4
1	R	0	-78	328	0	-354	92	0	
2	R	0	-60	131	0	-17	141	0	
3	R	0	-183	272	0	
4	R	0	-381	295	0	
5	R	0	-140	11	0	101	0	
6	R	0	233	0	-224	41	0	-240	56	0	
7	R	0	-469	308	0	
8	R	0	-472	82	0	-69	119	0	
9	R	0	-357	120	0	-130	317	0	
10	R	0	-439	409	0	
11	R	0	-71	489	0	
12	R	0	361	-30	-132	201	-86	-105	417	32	262	22	0	
13	R	0	-138	-488	148	0	

DAY = 5
1	R	0	-413	36	0	
2	R	0	-280	76	0	-328	194	0	
3	R	0	-233	244	0	
4	R	0	-377	54	0	
5	R	0	-360	173	0	-484	304	0	
6	R	0	-272	385	0	-46	0	-205	0	-292	0	-423	0	
7	R	0	-119	225	0	-308	259	0	-496	276	0	
8	R	0	-460	302	0	-287	389	0	
9	R	0	-316	449	0	
10	R	0	-438	483	0	
11	R	0	-10	72	0	
12	R	0	-369	126	0	248	0	
13	R	0	315	0	333	0	349	0	
14	R	0	234	139	-361	-12	426	172	-473	-347	-417	416	-22	-122	0	
15	R	0	57	-21	380	98	0	

DAY = 6
1	R	0	-259	223	0	
2	R	0	-483	284	0	-315	273	0	
3	R	0	-41	335	0	-120	368	0	-270	0	
4	R	0	-489	0	
5	R	0	-101	-402	51	285	-297	-53	179	178	-173	95	-372	-92	-81	-493	331	-131	415	0	
6	R	0	-90	-416	382	288	-36	-453	-160	0	
7	R	0	96	-244	-304	-314	-194	-380	491	27	-139	52	425	0	

DAY = 7
1	R	0	-389	227	0	-333	39	0	-276	128	0	
2	R	0	-72	144	0	-225	154	0	
3	R	0	-223	167	0	-56	196	0	
4	R	0	-317	220	0	-409	264	0	
5	R	0	-126	296	0	
6	R	0	-82	400	0	
7	R	0	457	0	466	-27	364	-385	-141	-285	-148	-11	0	
8	R	0	-98	228	100	305	176	-201	125	206	-295	-54	-32	0	
9	R	0	-262	459	136	-382	334	461	-96	-57	103	34	-76	174	0	
10	R	0	341	0	

DAY = 8
1	R	0	164	38	-273	246	-400	329	406	0	1	358	451	-51	0	-302	0	116	-220	-234	127	-349	0	
2	R	0	-52	186	-228	-426	0	145	-172	0	
3	R	0	149	-95	-176	-457	0	
4	R	0	226	113	-425	-39	-491	162	390	0	
5	R	0	454	-174	275	59	24	6	-341	0	
6	R	0	-284	0	
7	R	0	462	-288	249	40	450	0	
8	R	0	286	8	0	
9	R	0	299	-227	0	
10	R	0	-449	0	
11	R	0	-103	-248	0	
12	R	0	-167	309	0	

DAY = 9
1	R	0	62	0	169	-466	-38	0	123	-1	-358	-451	256	0	325	-113	-128	0	-335	115	-116	0	
2	R	0	213	-179	-178	384	0	221	-125	0	
3	R	0	199	-331	-415	-275	16	0	
4	R	0	-368	-136	366	-249	-334	0	
5	R	0	-264	-461	-450	208	290	478	0	
6	R	0	398	29	-296	23	88	242	-454	0	
7	R	0	104	337	0	

DAY = 10
1	R	0	118	-169	0	-127	258	0	420	85	-213	0	
2	R	0	80	-364	-329	283	-34	-290	300	0	268	0	
3	R	0	197	-162	-144	0	9	0	
4	R	0	452	-459	419	-24	239	-366	0	
5	R	0	-40	200	0	
6	R	0	336	0	
7	R	0	435	321	-206	-199	0	
8	R	0	-196	-309	156	-305	-100	0	-154	0	
9	R	0	-145	74	0	393	-149	0	
10	R	0	94	467	448	408	-226	0	

DAY = 11
1	R	0	-467	14	0	-164	320	0	
2	R	0	-398	370	0	-384	379	0	
3	R	0	-478	5	0	-29	247	0	
4	R	0	-59	365	0	-242	405	0	
5	R	0	-6	392	0	
6	R	0	-8	482	0	
7	R	0	-200	0	
8	R	0	-337	0	-118	-406	252	-256	-325	-115	0	265	0	
9	R	0	403	-85	-420	0	-186	352	-221	0	
10	R	0	-393	0	
11	R	0	418	187	0	
12	R	0	440	0	
13	R	0	312	0	407	428	-299	0	
14	R	0	230	0	
15	R	0	238	-390	387	-208	202	-286	0	
16	R	0	355	-462	430	-283	-246	0	

DAY = 12
1	R	0	-197	91	0	-230	155	0	
2	R	0	-258	195	0	-387	274	0	
3	R	0	-268	492	0	-407	107	0	
4	R	0	117	0	193	0	198	0	211	0	
5	R	0	424	0	
6	R	0	-62	66	436	184	-448	222	399	-435	-419	-16	-239	0	
7	R	0	-88	146	-104	269	-300	-23	121	0	
8	R	0	192	-123	-370	0	

DAY = 13
1	R	0	58	44	401	0	431	-252	0	114	-66	0	-492	0	-379	37	-352	0	-107	-117	0	
2	R	0	-399	-156	-14	0	
3	R	0	-74	-94	-408	236	135	-80	0	
4	R	0	-320	-403	0	28	0	33	-5	0	
5	R	0	-91	0	-269	163	-202	376	-424	-355	480	0	
6	R	0	-336	0	
7	R	0	310	351	-365	-392	-482	0	-9	0	
8	R	0	-452	-405	-146	0	-321	-187	0	
9	R	0	-440	0	-121	0	

DAY = 14
1	R	0	-193	353	-431	0	20	-33	0	-265	241	-135	-236	-184	0	
2	R	0	-195	0	350	0	
3	R	0	330	0	294	204	0	
4	R	0	498	0	446	0	
5	R	0	455	-436	-37	-247	-238	-428	0	
6	R	0	143	-351	0	
7	R	0	-312	0	
8	R	0	267	-192	93	0	
9	R	0	159	0	
10	R	0	50	210	-480	-430	0	
11	R	0	343	0	490	0	
12	R	0	207	-418	313	410	0	
13	R	0	318	157	0	

DAY = 15
1	R	0	-498	55	0	-211	110	0	
2	R	0	-143	260	0	
3	R	0	-155	374	0	
4	R	0	-330	404	0	
5	R	0	-198	189	0	
6	R	0	-274	212	0	-157	257	0	
7	R	0	-446	307	0	
8	R	0	447	0	499	0	
9	R	0	-44	-114	434	89	31	-455	391	-222	153	266	-204	-350	-313	-410	0	
10	R	0	-207	109	500	106	-163	209	65	0	
11	R	0	147	-93	4	0	

DAY = 16
1	R	0	-401	129	0	-55	346	0	-28	373	0	
2	R	0	-241	470	0	-307	48	0	
3	R	0	-447	245	0	
4	R	0	-257	359	0	
5	R	0	437	0	
6	R	0	-58	464	474	203	-310	-500	175	486	0	
7	R	0	388	475	386	311	-266	414	-89	0	
8	R	0	251	-4	-376	191	142	61	0	
9	R	0	363	0	

DAY = 17
1	R	0	-353	3	0	-159	168	0	
2	R	0	-359	411	0	-346	229	0	
3	R	0	-110	232	0	-373	253	0	
4	R	0	-490	327	0	
5	R	0	-260	332	0	
6	R	0	-245	340	0	-343	445	0	
7	R	0	-189	0	
8	R	0	43	-434	-414	243	271	421	362	441	-391	443	0	
9	R	0	35	-153	-294	217	185	-486	-318	-65	0	
10	R	0	87	75	-210	-61	-50	396	-106	-267	0	-20	0	

DAY = 18
1	R	0	-129	218	0	-499	306	0	
2	R	0	-168	367	0	-3	383	0	
3	R	0	-374	137	0	
4	R	0	-470	151	0	
5	R	0	-404	282	0	-212	356	0	
6	R	0	-31	180	342	-271	-243	442	-35	463	-109	84	-388	497	-209	0	
7	R	0	-203	481	-191	-147	188	-363	291	0	
8	R	0	45	0	

DAY = 19
1	R	0	13	-464	0	289	-43	465	395	-253	0	25	-356	433	99	0	165	-87	479	0	
2	R	0	-383	0	326	348	-75	-332	250	231	-48	0	
3	R	0	-142	-188	0	
4	R	0	-437	-137	0	
5	R	0	-175	150	293	-396	301	-474	-445	0	
6	R	0	77	-311	-229	-386	0	458	0	
7	R	0	254	0	444	0	
8	R	0	219	-340	432	456	-185	-475	-217	0	298	0	
9	R	0	15	-251	0	

DAY = 20
1	R	0	422	237	0	397	-306	0	-411	0	-232	171	68	49	-465	-180	-441	0	
2	R	0	134	344	487	-327	0	102	-458	0	
3	R	0	124	215	-443	-463	471	-421	-362	0	278	112	-497	0	
4	R	0	-218	0	-456	-432	161	0	
5	R	0	235	375	216	-367	0	
6	R	0	-231	-348	-250	277	-326	0	214	-298	133	0	
7	R	0	63	0	
8	R	0	477	281	378	-291	0	
9	R	0	-444	0	

DAY = 21
1	R	0	-13	0	83	-422	-237	0	-397	0	263	338	7	-342	319	-102	-487	0	
2	R	0	-282	303	111	-471	0	
3	R	0	73	-442	345	190	-134	-77	-301	322	0	
4	R	0	-216	-375	70	-481	0	
5	R	0	-151	-150	-84	152	26	0	
6	R	0	19	-479	-45	-15	0	
7	R	0	339	-165	-433	468	0	
8	R	0	97	0	

DAY = 22
1	R	0	67	2	-289	-171	0	324	476	371	-395	-338	0	-25	495	394	-99	279	177	0	
2	R	0	170	-278	-49	0	-254	-319	-344	-303	255	-215	0	
3	R	0	181	182	-161	-219	-112	0	
4	R	0	-322	0	-214	0	
5	R	0	-277	-477	0	-63	0	
6	R	0	-19	-26	-70	-293	0	

DAY = 23
1	R	0	42	-67	-68	0	-2	-7	-371	-476	0	
2	R	0	-468	-133	-281	-378	18	0	
3	R	0	427	-152	-235	0	
4	R	0	429	-111	-255	0	
5	R	0	158	-124	-182	0	
6	R	0	-97	0	

DAY = 24
1	R	0	-83	-42	-324	-263	0	-177	0	494	-339	0	-18	0	
2	R	0	-429	0	
3	R	0	-158	-73	-345	-190	0	

DAY = 25
1	R	0	-279	-394	-495	-170	0	-494	0	
2	R	0	-427	-181	0	

