DATASET = co2020 case challenge part
NAME = tools over vehicle days over vehicles over distance with 100 requests over 10 days

DAY = 1
1	R	0	13	0	18	46	31	0	
2	R	0	5	73	0	
3	R	0	17	21	0	
4	R	0	50	0	

DAY = 2
1	R	0	56	63	19	98	38	24	-17	0	
2	R	0	96	-50	84	0	
3	R	0	60	0	
4	R	0	71	42	0	

DAY = 3
1	R	0	78	100	-18	87	-31	10	22	0	
2	R	0	86	-56	67	41	3	-21	-38	-98	0	
3	R	0	-96	57	-5	-42	29	51	0	
4	R	0	16	27	32	0	

DAY = 4
1	R	0	-78	82	-27	-16	0	-13	52	-46	0	
2	R	0	44	55	97	39	0	
3	R	0	35	-73	99	-71	88	91	-19	0	
4	R	0	40	33	0	
5	R	0	95	-60	0	
6	R	0	49	64	0	

DAY = 5
1	R	0	75	94	85	-44	14	37	-100	-10	-97	53	34	0	
2	R	0	-51	-35	-29	83	-57	1	-3	-63	15	0	
3	R	0	-33	65	-24	-67	93	0	
4	R	0	-84	0	

DAY = 6
1	R	0	-22	26	0	-95	89	0	
2	R	0	92	0	
3	R	0	58	0	-94	11	0	
4	R	0	-99	59	0	
5	R	0	-75	74	0	-32	80	0	
6	R	0	-55	23	0	
7	R	0	-41	81	0	
8	R	0	-39	0	
9	R	0	-86	-87	2	90	25	70	-49	0	
10	R	0	8	79	0	
11	R	0	61	28	0	

DAY = 7
1	R	0	-40	43	0	
2	R	0	-88	77	0	
3	R	0	-26	72	0	-37	0	-52	0	
4	R	0	-91	47	0	
5	R	0	-11	62	0	
6	R	0	-85	66	0	
7	R	0	-23	0	
8	R	0	12	69	4	-82	-64	-2	-25	0	
9	R	0	-53	-34	9	7	0	
10	R	0	-83	54	0	

DAY = 8
1	R	0	-93	20	0	-14	68	0	
2	R	0	-59	0	
3	R	0	-66	0	-80	0	
4	R	0	6	36	-70	76	-92	0	
5	R	0	-89	-15	-65	-79	45	0	
6	R	0	30	-61	-1	-7	0	
7	R	0	-8	0	

DAY = 9
1	R	0	-12	-69	48	-36	-90	-68	0	-4	-74	-43	0	
2	R	0	-20	-45	-47	-58	-28	-81	0	
3	R	0	-76	-77	-54	0	

DAY = 10
1	R	0	-48	-6	-9	0	
2	R	0	-62	-30	-72	0	

