DATASET = co2020 case challenge part
NAME = vehicle days over tools over vehicles over distance with 200 requests over 15 days

DAY = 1
1	R	0	76	130	0	
2	R	0	53	200	86	164	0	
3	R	0	178	93	0	

DAY = 2
1	R	0	137	42	191	0	75	128	27	0	
2	R	0	41	158	-86	55	0	
3	R	0	64	123	-76	0	
4	R	0	133	59	0	

DAY = 3
1	R	0	16	197	74	46	0	
2	R	0	110	-64	-130	120	24	22	-164	0	
3	R	0	1	-128	0	
4	R	0	111	135	0	
5	R	0	5	91	-27	6	0	
6	R	0	139	129	-41	-158	90	0	
7	R	0	-178	-93	0	

DAY = 4
1	R	0	19	8	-16	0	145	11	0	
2	R	0	167	40	171	-123	107	73	-53	152	0	
3	R	0	177	36	-59	155	-200	-135	0	
4	R	0	70	45	44	-129	-6	188	136	0	
5	R	0	183	0	

DAY = 5
1	R	0	-188	21	0	
2	R	0	-5	80	0	
3	R	0	-1	116	0	
4	R	0	-107	173	0	
5	R	0	-75	92	0	
6	R	0	-111	104	0	
7	R	0	-22	160	0	
8	R	0	-191	79	0	-137	0	-145	0	
9	R	0	-45	96	0	
10	R	0	-55	122	0	
11	R	0	-40	20	0	
12	R	0	-42	43	0	-46	67	0	
13	R	0	85	0	
14	R	0	146	0	
15	R	0	-155	62	0	
16	R	0	-90	143	0	
17	R	0	-91	149	0	
18	R	0	-133	66	0	
19	R	0	196	0	32	0	
20	R	0	84	0	

DAY = 6
1	R	0	-139	2	0	
2	R	0	-92	47	0	
3	R	0	-173	131	0	
4	R	0	-21	89	0	
5	R	0	-80	124	0	
6	R	0	-116	147	0	-197	195	0	
7	R	0	-24	154	0	185	0	
8	R	0	-96	168	0	
9	R	0	-110	49	0	
10	R	0	-146	56	0	
11	R	0	-73	161	0	
12	R	0	-20	0	
13	R	0	-177	0	
14	R	0	-8	-74	186	117	176	-196	0	
15	R	0	-120	3	0	
16	R	0	166	0	

DAY = 7
1	R	0	-171	7	0	
2	R	0	-62	63	0	
3	R	0	-84	132	0	
4	R	0	-167	138	0	
5	R	0	-11	153	0	
6	R	0	-3	169	0	
7	R	0	-136	54	0	
8	R	0	-32	187	0	-19	194	-185	151	-67	-89	0	
9	R	0	-79	-168	10	-43	174	65	38	-49	0	
10	R	0	30	109	163	-131	-152	-85	0	
11	R	0	-36	-160	134	-122	-44	0	
12	R	0	-70	28	-2	0	-183	0	

DAY = 8
1	R	0	-169	52	0	
2	R	0	-132	172	0	
3	R	0	-54	198	0	
4	R	0	-117	31	0	-187	150	0	-149	159	0	
5	R	0	-166	71	0	-143	148	0	
6	R	0	-66	184	0	
7	R	0	-38	-47	140	121	0	
8	R	0	182	102	77	94	-134	125	0	
9	R	0	35	29	193	190	-104	144	4	39	0	
10	R	0	-154	-195	0	

DAY = 9
1	R	0	-144	9	0	-56	170	0	
2	R	0	-35	156	0	
3	R	0	-77	23	0	
4	R	0	-163	48	0	
5	R	0	-29	0	-151	0	-161	0	
6	R	0	14	-159	179	-194	-65	-186	15	-109	0	
7	R	0	-182	-124	57	-28	0	
8	R	0	-176	-190	-147	-39	114	0	
9	R	0	-10	108	-138	0	

DAY = 10
1	R	0	-174	81	0	-23	199	0	
2	R	0	-102	99	0	
3	R	0	-156	126	0	
4	R	0	-193	34	0	
5	R	0	105	0	
6	R	0	192	-15	13	0	
7	R	0	69	-4	-184	-114	25	12	0	
8	R	0	103	17	0	
9	R	0	61	-7	-63	0	
10	R	0	-153	60	-30	0	

DAY = 11
1	R	0	-34	88	0	-9	98	0	
2	R	0	-94	51	0	
3	R	0	-125	101	0	
4	R	0	-105	175	0	-81	0	
5	R	0	-179	-148	87	72	-31	-52	0	
6	R	0	-172	78	162	0	
7	R	0	157	-121	142	-61	-198	0	
8	R	0	-17	0	
9	R	0	-12	115	37	0	
10	R	0	100	-150	-108	-71	0	-140	0	

DAY = 12
1	R	0	-98	50	0	-170	112	0	
2	R	0	-126	119	0	
3	R	0	-48	165	0	
4	R	0	-175	0	
5	R	0	-14	127	68	-115	0	
6	R	0	-13	-72	82	26	-60	97	-162	0	
7	R	0	58	118	141	0	
8	R	0	18	-103	95	-25	0	
9	R	0	-57	0	

DAY = 13
1	R	0	-199	-192	0	
2	R	0	83	-26	-78	-58	189	-118	-99	0	
3	R	0	-95	180	-141	-18	-165	0	
4	R	0	-69	181	-100	-68	0	106	0	
5	R	0	-142	0	

DAY = 14
1	R	0	-181	-37	-88	0	
2	R	0	-87	-112	-101	113	-157	-97	0	
3	R	0	-51	33	0	
4	R	0	-119	0	

DAY = 15
1	R	0	-127	-50	-82	0	-83	-106	0	
2	R	0	-113	-180	0	
3	R	0	-33	-189	0	

