DATASET = co2020 case challenge part
NAME = tools over distance over vehicle days over vehicles with 300 requests over 20 days

DAY = 1
1	R	0	98	238	0	86	0	
2	R	0	44	0	265	0	
3	R	0	164	0	
4	R	0	139	0	
5	R	0	296	0	

DAY = 2
1	R	0	53	102	-98	0	215	0	
2	R	0	15	-86	264	262	3	0	
3	R	0	138	-296	64	0	
4	R	0	271	-139	129	0	
5	R	0	199	75	136	0	245	116	258	0	
6	R	0	211	0	

DAY = 3
1	R	0	45	0	141	0	278	-211	97	-238	0	268	207	0	
2	R	0	54	177	0	249	29	-129	-271	0	
3	R	0	155	186	0	
4	R	0	250	0	
5	R	0	148	62	0	
6	R	0	161	0	
7	R	0	10	234	0	
8	R	0	124	0	
9	R	0	229	130	0	

DAY = 4
1	R	0	-164	25	0	-53	68	0	
2	R	0	-136	78	0	-245	142	0	
3	R	0	-64	188	0	
4	R	0	-44	213	0	
5	R	0	-10	263	0	
6	R	0	-264	277	0	283	0	299	255	0	
7	R	0	115	-265	132	21	-234	0	
8	R	0	145	-3	0	
9	R	0	227	-155	8	0	
10	R	0	6	0	

DAY = 5
1	R	0	-229	195	0	
2	R	0	-199	28	0	
3	R	0	-78	47	0	
4	R	0	-15	289	0	-97	0	-102	0	-141	0	
5	R	0	-142	0	-258	0	272	-116	0	-278	0	
6	R	0	-215	260	-115	7	144	-75	0	104	0	
7	R	0	243	0	298	-138	-132	292	-262	0	
8	R	0	-250	0	

DAY = 6
1	R	0	165	-45	12	-255	176	0	-299	-283	77	111	0	210	-7	79	-177	0	
2	R	0	-54	202	0	162	-268	-207	0	-249	14	72	-144	0	
3	R	0	-29	24	32	-186	-148	-213	0	
4	R	0	198	-124	-130	0	
5	R	0	-21	-195	0	
6	R	0	-62	0	-161	121	0	
7	R	0	39	-8	0	
8	R	0	-6	0	

DAY = 7
1	R	0	4	0	118	-12	-68	-176	101	294	76	242	-104	0	
2	R	0	284	-277	37	0	
3	R	0	113	-47	-24	0	
4	R	0	-25	0	
5	R	0	-298	0	
6	R	0	-188	43	-227	0	
7	R	0	-289	-39	0	
8	R	0	-263	200	-145	187	0	
9	R	0	218	0	
10	R	0	92	0	
11	R	0	109	0	

DAY = 8
1	R	0	-165	-76	20	0	-243	0	112	-202	275	-260	270	-79	240	-118	0	105	0	246	-272	0	
2	R	0	169	257	-77	0	267	16	-292	0	
3	R	0	269	203	-198	134	-187	0	
4	R	0	40	-32	259	300	-28	0	

DAY = 9
1	R	0	-4	120	-101	252	-162	0	-20	0	110	-111	-210	125	-270	-242	273	0	
2	R	0	-14	0	
3	R	0	-284	-72	48	0	
4	R	0	-40	-43	-121	0	
5	R	0	-16	-269	22	0	
6	R	0	160	0	
7	R	0	173	0	
8	R	0	180	0	

DAY = 10
1	R	0	-246	5	0	-173	49	0	
2	R	0	-113	96	0	-275	133	0	
3	R	0	-259	219	0	
4	R	0	-267	232	0	
5	R	0	-218	244	0	
6	R	0	-92	31	0	248	0	
7	R	0	290	0	
8	R	0	70	0	135	0	
9	R	0	154	0	172	0	
10	R	0	183	0	108	27	256	-273	-37	254	-125	236	66	0	
11	R	0	59	201	-300	0	
12	R	0	88	209	-203	-200	-180	166	225	0	
13	R	0	-109	38	-294	0	

DAY = 11
1	R	0	-96	90	0	
2	R	0	-134	93	0	
3	R	0	-105	137	0	
4	R	0	-290	222	0	
5	R	0	-120	13	0	-257	214	0	
6	R	0	-70	237	0	
7	R	0	-110	61	0	
8	R	0	67	0	192	0	
9	R	0	-240	119	-112	-236	0	
10	R	0	-59	151	167	81	-22	-160	196	276	35	0	
11	R	0	233	-166	163	-38	0	
12	R	0	274	-169	0	

DAY = 12
1	R	0	-31	42	0	-135	152	0	-219	204	0	
2	R	0	-48	0	
3	R	0	-61	0	
4	R	0	-67	0	
5	R	0	-172	0	
6	R	0	-222	0	-232	0	
7	R	0	-108	17	-66	251	-151	103	-201	131	0	
8	R	0	114	-196	123	-225	-209	117	184	0	
9	R	0	57	295	-274	-252	0	

DAY = 13
1	R	0	-90	60	0	
2	R	0	-244	69	0	-192	223	0	
3	R	0	-133	224	0	-248	74	0	
4	R	0	-42	205	0	
5	R	0	-183	291	0	-5	11	0	-204	18	0	
6	R	0	-137	171	0	
7	R	0	-49	0	
8	R	0	-154	0	
9	R	0	-27	2	-256	84	178	206	83	-251	-254	85	0	
10	R	0	-131	143	-35	-276	0	
11	R	0	-88	-81	230	-184	-117	297	0	
12	R	0	153	0	

DAY = 14
1	R	0	197	-291	0	286	-214	-11	46	140	-13	282	0	-119	253	99	0	231	0	
2	R	0	36	-206	-83	182	0	235	-178	-84	-237	0	147	0	
3	R	0	80	26	0	146	-167	91	0	
4	R	0	189	-93	157	0	
5	R	0	56	185	-123	220	-297	30	0	
6	R	0	-163	-233	1	0	
7	R	0	-205	212	0	

DAY = 15
1	R	0	-197	0	-18	-253	-99	122	-17	-171	287	0	-147	0	-80	179	0	
2	R	0	174	-235	217	0	9	-103	-85	-57	0	
3	R	0	-146	190	0	
4	R	0	293	279	-114	73	-60	0	
5	R	0	216	-152	0	52	-153	0	
6	R	0	-295	181	71	-212	0	

DAY = 16
1	R	0	-140	34	0	-223	50	0	-46	82	0	
2	R	0	-190	95	0	
3	R	0	-179	106	0	-74	33	0	-231	94	0	
4	R	0	-157	193	0	
5	R	0	-69	208	0	
6	R	0	-216	221	0	
7	R	0	-224	288	0	63	0	127	0	
8	R	0	159	0	175	0	266	41	-282	-26	0	
9	R	0	-91	-189	65	-230	0	
10	R	0	-220	228	19	-56	-143	0	
11	R	0	-36	55	23	0	226	-2	-181	0	

DAY = 17
1	R	0	-1	281	0	
2	R	0	-185	261	0	
3	R	0	-9	87	0	
4	R	0	-33	100	0	-94	170	0	-71	191	0	
5	R	0	-63	0	-286	241	-23	0	
6	R	0	-122	194	-55	158	-217	149	128	-182	-287	126	285	0	
7	R	0	-52	107	-30	0	

DAY = 18
1	R	0	-241	0	-34	0	168	-50	0	280	-107	0	
2	R	0	247	0	
3	R	0	58	-281	156	-293	-228	0	
4	R	0	-193	-279	0	
5	R	0	-285	-73	0	
6	R	0	-95	0	
7	R	0	-261	0	-106	0	
8	R	0	-174	0	-194	-191	0	-158	0	

DAY = 19
1	R	0	-266	-41	-159	0	89	-127	150	-226	0	-82	0	-168	0	
2	R	0	-280	51	239	-58	-65	-87	0	
3	R	0	-19	-221	0	
4	R	0	-208	-126	0	-288	-175	0	
5	R	0	-100	-128	-149	0	

DAY = 20
1	R	0	-89	0	-150	-170	-239	0	
2	R	0	-51	0	-247	0	
3	R	0	-156	0	

