DATASET = co2020 case challenge part
NAME = vehicles over tools over vehicle days over distance with 500 requests over 25 days

DAY = 1
1	R	0	162	342	0	82	0	
2	R	0	320	0	
3	R	0	53	32	0	
4	R	0	16	0	439	0	
5	R	0	300	0	452	0	

DAY = 2
1	R	0	161	-342	260	0	
2	R	0	469	0	
3	R	0	84	0	
4	R	0	130	0	
5	R	0	396	0	
6	R	0	315	0	
7	R	0	225	110	0	
8	R	0	460	0	
9	R	0	493	188	0	
10	R	0	283	0	
11	R	0	337	-53	0	
12	R	0	74	0	
13	R	0	37	-452	0	

DAY = 3
1	R	0	-161	406	0	422	153	0	
2	R	0	67	0	
3	R	0	132	0	
4	R	0	254	-82	0	
5	R	0	495	-260	379	-493	91	0	
6	R	0	189	-320	0	
7	R	0	-283	0	
8	R	0	30	-32	282	0	
9	R	0	373	0	
10	R	0	394	0	
11	R	0	196	0	
12	R	0	78	-439	0	
13	R	0	49	59	0	277	-16	0	
14	R	0	-74	66	-337	0	

DAY = 4
1	R	0	476	42	0	109	0	
2	R	0	339	-59	71	102	-188	240	0	
3	R	0	269	328	0	
4	R	0	197	-91	0	
5	R	0	35	0	
6	R	0	443	0	
7	R	0	211	-495	273	0	
8	R	0	43	116	-379	89	-130	0	
9	R	0	433	-225	-153	0	
10	R	0	-422	0	29	0	
11	R	0	421	-67	0	
12	R	0	103	-162	464	0	
13	R	0	64	0	
14	R	0	63	-37	-300	0	
15	R	0	44	194	-78	0	
16	R	0	208	279	0	

DAY = 5
1	R	0	-109	142	0	
2	R	0	-277	391	0	
3	R	0	-43	135	0	
4	R	0	-469	217	0	
5	R	0	-315	250	0	
6	R	0	-396	256	0	
7	R	0	-421	311	0	
8	R	0	-110	363	0	
9	R	0	333	0	
10	R	0	403	0	-476	-42	0	
11	R	0	304	0	480	-464	0	
12	R	0	206	0	
13	R	0	498	-66	201	-373	0	
14	R	0	-394	0	
15	R	0	-282	0	
16	R	0	-328	-240	0	
17	R	0	57	0	
18	R	0	104	-102	0	
19	R	0	361	-460	0	
20	R	0	-443	233	0	
21	R	0	-84	0	
22	R	0	-132	276	0	

DAY = 6
1	R	0	-197	28	0	
2	R	0	-211	160	0	-256	303	0	
3	R	0	-217	416	0	
4	R	0	-63	15	0	
5	R	0	-406	343	0	
6	R	0	-333	41	0	
7	R	0	-194	0	
8	R	0	-250	0	
9	R	0	-311	0	-363	0	
10	R	0	-403	0	
11	R	0	-276	65	0	-433	76	0	
12	R	0	-189	88	0	
13	R	0	-254	235	0	
14	R	0	-104	267	0	
15	R	0	-196	381	0	
16	R	0	-35	220	0	
17	R	0	-103	0	93	-279	-49	38	0	
18	R	0	354	-30	83	-233	0	
19	R	0	428	145	0	

DAY = 7
1	R	0	-339	81	0	-480	288	0	
2	R	0	-267	415	0	
3	R	0	-361	169	0	
4	R	0	-88	321	0	
5	R	0	-44	442	0	
6	R	0	-71	9	0	
7	R	0	56	0	
8	R	0	60	0	
9	R	0	182	0	
10	R	0	325	0	3	-304	0	
11	R	0	390	350	0	
12	R	0	214	-64	0	
13	R	0	-208	360	141	-93	204	-391	364	0	
14	R	0	-28	24	-269	19	0	
15	R	0	346	167	0	
16	R	0	314	0	375	0	
17	R	0	449	-116	0	
18	R	0	-273	0	
19	R	0	80	481	-89	0	
20	R	0	94	-29	425	454	0	
21	R	0	257	309	0	

DAY = 8
1	R	0	-80	134	0	
2	R	0	-390	157	0	-354	179	0	
3	R	0	-19	244	0	
4	R	0	-481	313	0	
5	R	0	-38	500	0	
6	R	0	-498	126	0	
7	R	0	-425	423	0	
8	R	0	404	0	
9	R	0	-235	21	0	
10	R	0	-76	61	0	-81	111	0	
11	R	0	-57	156	0	
12	R	0	-201	209	0	
13	R	0	-65	278	0	
14	R	0	-56	368	0	
15	R	0	-206	122	0	
16	R	0	-220	229	0	
17	R	0	285	0	
18	R	0	308	0	-303	389	0	
19	R	0	463	0	461	0	
20	R	0	115	0	
21	R	0	218	-41	459	0	
22	R	0	355	51	-142	13	-15	0	
23	R	0	413	0	
24	R	0	50	0	173	-135	0	

DAY = 9
1	R	0	-375	486	0	-126	190	0	
2	R	0	-428	414	0	
3	R	0	-346	159	0	
4	R	0	-157	322	0	
5	R	0	-83	0	
6	R	0	-141	0	
7	R	0	-145	0	
8	R	0	-309	0	
9	R	0	-350	0	
10	R	0	-21	202	0	
11	R	0	-321	245	0	
12	R	0	-415	262	0	
13	R	0	-442	181	0	
14	R	0	-288	263	0	
15	R	0	-368	210	0	
16	R	0	-9	0	-122	0	
17	R	0	-182	0	
18	R	0	-381	0	
19	R	0	-477	0	
20	R	0	326	-454	-115	0	-343	0	
21	R	0	-449	0	
22	R	0	-160	33	-24	227	291	0	
23	R	0	18	-13	0	
24	R	0	-416	430	0	

DAY = 10
1	R	0	-3	242	0	113	-461	0	-257	0	
2	R	0	441	-218	0	
3	R	0	-134	0	
4	R	0	-94	0	
5	R	0	-61	0	
6	R	0	-322	0	
7	R	0	372	0	
8	R	0	462	-33	-364	0	
9	R	0	365	-204	-229	0	
10	R	0	-291	417	0	474	0	
11	R	0	475	-360	148	0	
12	R	0	499	0	
13	R	0	392	100	-214	-308	0	
14	R	0	305	-167	-159	0	
15	R	0	158	85	-404	-60	-325	131	0	
16	R	0	-314	458	-169	0	
17	R	0	299	0	
18	R	0	301	-202	0	
19	R	0	-500	0	-173	0	

DAY = 11
1	R	0	-355	140	0	
2	R	0	-326	316	0	
3	R	0	-474	324	0	
4	R	0	-158	10	0	
5	R	0	-50	105	0	-463	172	0	
6	R	0	-389	213	0	
7	R	0	-459	281	0	
8	R	0	-392	329	0	
9	R	0	-458	451	0	
10	R	0	-51	467	0	
11	R	0	-100	468	0	
12	R	0	-227	0	
13	R	0	-413	0	
14	R	0	-430	0	272	-111	0	
15	R	0	319	409	-414	0	-278	327	0	
16	R	0	11	-210	335	0	
17	R	0	180	0	
18	R	0	203	-462	12	0	
19	R	0	-179	-190	479	246	-156	0	
20	R	0	-423	-85	25	-285	75	-244	0	
21	R	0	-209	-417	0	
22	R	0	-181	168	0	
23	R	0	138	465	-263	0	
24	R	0	-313	408	0	

DAY = 12
1	R	0	62	-272	0	-242	0	383	207	-18	-148	0	
2	R	0	108	-305	0	
3	R	0	-168	151	0	
4	R	0	494	-262	0	
5	R	0	221	0	
6	R	0	488	0	
7	R	0	370	-245	0	
8	R	0	-131	388	-365	0	
9	R	0	249	0	
10	R	0	292	-213	-327	261	457	-281	0	
11	R	0	-301	345	-319	0	
12	R	0	-486	125	-408	0	
13	R	0	-299	0	
14	R	0	86	0	

DAY = 13
1	R	0	-468	-383	0	382	0	
2	R	0	137	-105	0	286	-475	87	0	
3	R	0	70	-138	294	-499	-329	0	
4	R	0	165	0	
5	R	0	223	-465	39	-86	280	0	
6	R	0	297	-488	0	
7	R	0	293	92	0	
8	R	0	435	0	
9	R	0	226	0	
10	R	0	183	0	
11	R	0	446	0	
12	R	0	400	434	0	
13	R	0	317	-12	0	
14	R	0	-372	0	
15	R	0	450	419	487	0	
16	R	0	99	289	185	-441	191	0	
17	R	0	90	377	-113	97	-125	0	241	-345	0	
18	R	0	136	0	
19	R	0	248	-335	0	
20	R	0	178	0	
21	R	0	349	0	
22	R	0	387	-140	0	
23	R	0	-151	-467	0	
24	R	0	393	0	

DAY = 14
1	R	0	-246	147	0	
2	R	0	-11	482	0	
3	R	0	-75	1	0	
4	R	0	-393	174	0	
5	R	0	-494	234	0	
6	R	0	-409	331	0	
7	R	0	-479	397	0	
8	R	0	-25	0	
9	R	0	-87	0	-90	0	
10	R	0	-221	0	
11	R	0	-487	0	-62	8	0	
12	R	0	216	0	7	0	
13	R	0	347	-39	-165	0	
14	R	0	274	0	478	-382	0	
15	R	0	-137	0	-10	0	
16	R	0	398	-178	-370	0	
17	R	0	-226	366	0	
18	R	0	46	-92	0	
19	R	0	-324	23	284	-180	0	
20	R	0	-203	-419	0	
21	R	0	-316	340	-457	0	
22	R	0	-451	411	0	
23	R	0	307	-172	-241	0	-136	0	
24	R	0	-248	0	

DAY = 15
1	R	0	-185	143	0	
2	R	0	-99	224	0	-207	348	0	
3	R	0	-223	77	0	
4	R	0	-292	358	0	
5	R	0	-108	429	0	
6	R	0	-388	330	0	
7	R	0	-234	0	
8	R	0	-349	0	
9	R	0	-435	0	
10	R	0	-450	0	401	356	-97	0	
11	R	0	496	0	54	-307	0	
12	R	0	470	0	
13	R	0	212	0	431	0	
14	R	0	492	0	
15	R	0	170	-366	0	
16	R	0	-434	98	-183	483	-387	0	
17	R	0	306	40	-280	0	
18	R	0	117	106	385	-398	336	0	
19	R	0	447	-249	0	
20	R	0	-261	-340	0	

DAY = 16
1	R	0	-496	129	0	-70	266	0	
2	R	0	-317	371	0	
3	R	0	-400	48	0	
4	R	0	-274	72	0	
5	R	0	-40	378	0	
6	R	0	-297	445	0	-401	491	0	
7	R	0	-294	0	
8	R	0	-447	0	-348	-377	0	
9	R	0	-191	0	-358	-143	0	
10	R	0	-289	0	
11	R	0	-411	176	0	
12	R	0	195	-23	-293	247	0	
13	R	0	258	0	
14	R	0	444	-1	0	
15	R	0	-446	0	
16	R	0	407	-483	0	
17	R	0	264	2	-286	0	
18	R	0	-147	228	0	-7	0	
19	R	0	-347	405	0	187	0	
20	R	0	359	497	0	
21	R	0	352	124	0	
22	R	0	205	298	0	

DAY = 17
1	R	0	489	0	485	-330	0	-8	0	-397	0	
2	R	0	-187	0	252	-216	253	0	
3	R	0	302	-106	-385	0	
4	R	0	426	0	
5	R	0	73	-336	-405	0	
6	R	0	-478	0	466	455	-2	0	
7	R	0	265	0	
8	R	0	238	-170	0	
9	R	0	-46	0	
10	R	0	-98	20	-284	0	
11	R	0	-48	0	
12	R	0	58	-431	0	6	0	
13	R	0	334	-54	384	-470	0	
14	R	0	-482	0	
15	R	0	-212	0	
16	R	0	-371	0	
17	R	0	259	-129	0	-491	14	-352	0	
18	R	0	-264	0	
19	R	0	432	0	
20	R	0	268	-195	-445	0	
21	R	0	-331	0	
22	R	0	-174	0	

DAY = 18
1	R	0	193	0	26	-356	0	96	-224	0	
2	R	0	232	-14	215	-58	0	
3	R	0	69	-176	0	
4	R	0	-492	230	0	
5	R	0	128	-247	0	
6	R	0	-306	0	
7	R	0	-20	0	
8	R	0	-407	184	0	
9	R	0	219	-266	0	
10	R	0	-455	-117	0	-253	-252	-77	0	
11	R	0	341	-302	0	
12	R	0	-72	0	
13	R	0	166	-429	0	
14	R	0	-426	484	-384	0	
15	R	0	436	0	
16	R	0	473	0	
17	R	0	186	0	
18	R	0	144	95	0	17	0	
19	R	0	243	0	
20	R	0	45	0	

DAY = 19
1	R	0	367	402	0	5	471	0	31	287	-6	0	
2	R	0	-334	344	0	
3	R	0	27	120	-95	0	
4	R	0	332	270	-186	0	
5	R	0	155	0	
6	R	0	36	-238	0	
7	R	0	-258	0	
8	R	0	-444	118	-432	0	
9	R	0	133	-124	472	310	0	
10	R	0	296	0	424	-228	-359	-497	0	
11	R	0	127	-298	-205	0	
12	R	0	152	-378	0	
13	R	0	-243	255	0	

DAY = 20
1	R	0	-489	0	-485	338	-402	101	380	-96	0	171	-31	-232	0	
2	R	0	438	0	395	-69	0	
3	R	0	150	-268	0	
4	R	0	-270	295	-259	0	
5	R	0	-27	0	-17	0	
6	R	0	440	-45	0	-484	0	
7	R	0	353	-466	-424	0	114	0	
8	R	0	112	0	68	0	
9	R	0	52	0	239	-341	351	-73	312	0	
10	R	0	448	490	-152	0	
11	R	0	164	-184	0	
12	R	0	154	198	0	
13	R	0	149	0	
14	R	0	163	-265	0	
15	R	0	55	323	0	
16	R	0	47	-230	0	

DAY = 21
1	R	0	-367	200	-193	0	-338	0	-26	0	-171	318	-287	0	
2	R	0	399	-436	0	
3	R	0	-473	175	0	
4	R	0	376	-150	231	0	
5	R	0	192	-36	0	
6	R	0	79	0	
7	R	0	420	0	
8	R	0	453	0	
9	R	0	22	-144	-215	0	
10	R	0	-47	0	
11	R	0	-128	0	
12	R	0	369	-219	222	0	
13	R	0	290	-166	-310	0	
14	R	0	236	-127	0	
15	R	0	146	-114	427	0	437	121	-52	0	
16	R	0	418	0	107	0	
17	R	0	-255	0	

DAY = 22
1	R	0	-200	362	0	123	-101	0	275	-5	-471	0	-344	0	
2	R	0	-120	0	-399	-155	0	
3	R	0	-376	0	
4	R	0	199	-332	0	
5	R	0	-420	0	
6	R	0	-163	4	0	
7	R	0	-118	0	
8	R	0	-369	-133	0	
9	R	0	-154	0	
10	R	0	-164	410	-222	0	
11	R	0	119	0	
12	R	0	251	0	
13	R	0	412	-55	374	-353	0	
14	R	0	-296	0	
15	R	0	-472	-448	0	
16	R	0	386	-112	0	-239	0	
17	R	0	34	0	

DAY = 23
1	R	0	-123	0	-380	-438	0	-395	0	
2	R	0	237	-22	271	-295	0	
3	R	0	-199	0	
4	R	0	-192	-175	-231	0	
5	R	0	-323	0	
6	R	0	357	-149	0	
7	R	0	-4	-198	0	
8	R	0	-410	0	
9	R	0	139	-490	-312	0	
10	R	0	-236	0	
11	R	0	-146	456	-418	0	-107	0	
12	R	0	-437	0	-68	0	
13	R	0	-351	-440	0	

DAY = 24
1	R	0	-362	0	-275	0	-318	-237	-453	0	
2	R	0	-271	0	
3	R	0	-79	-374	0	
4	R	0	-412	0	
5	R	0	-119	0	
6	R	0	-290	0	
7	R	0	-139	-456	0	
8	R	0	177	-386	0	-427	-121	0	
9	R	0	-34	0	

DAY = 25
1	R	0	-357	0	
2	R	0	-251	-177	0	

