DATASET = co2020 case challenge part
NAME = vehicle days over tools over vehicles over distance with 100 requests over 10 days

DAYS = 10
CAPACITY = 50
MAX_TRIP_DISTANCE = 16000
DEPOT_COORDINATE = 0

VEHICLE_COST = 1000
VEHICLE_DAY_COST = 50000000
DISTANCE_COST = 1

TOOLS = 2
1	6	66	400000
2	3	36	500000

COORDINATES = 100
0	5445	2890
1	7528	6208
2	8957	6233
3	7082	7537
4	3939	6380
5	8173	6477
6	8771	6702
7	7763	6738
8	7558	6823
9	7749	6876
10	7439	6939
11	4107	7023
12	8492	7090
13	8256	7153
14	3975	7219
15	8112	7312
16	6600	7344
17	6799	7516
18	3680	7538
19	3796	7596
20	9458	7697
21	4328	7959
22	6014	7968
23	7084	8202
24	5467	8372
25	8412	8397
26	6128	8509
27	3793	8662
28	5841	8682
29	5634	8686
30	7237	8744
31	5625	8789
32	7420	8867
33	6705	9117
34	7455	9202
35	6892	9328
36	8860	9354
37	8229	9556
38	5972	8278
39	2864	4820
40	7520	4820
41	3820	8478
42	5702	4888
43	7714	4890
44	8228	6144
45	3641	5210
46	8758	5267
47	5250	5769
48	6576	7359
49	5718	1925
50	8055	5446
51	4244	4597
52	4651	2260
53	4786	2269
54	6942	2400
55	7352	2410
56	6271	2482
57	4889	2584
58	7042	2637
59	6942	2673
60	5661	2702
61	4561	2714
62	6225	2721
63	4894	2727
64	5757	2847
65	2976	2971
66	5981	3064
67	6793	3116
68	5640	3323
69	4101	3572
70	6696	3657
71	5194	3780
72	5185	3940
73	7732	4028
74	1899	4124
75	4196	4128
76	3663	4348
77	8963	4496
78	8686	4534
79	5134	4591
80	7261	4663
81	3752	4746
82	7526	4796
83	3650	4812
84	8589	4817
85	3979	5076
86	3480	5131
87	4192	5265
88	4009	5319
89	7808	5377
90	8695	5447
91	8690	5474
92	4378	5600
93	7770	5710
94	4424	5732
95	7737	5855
96	9555	5883
97	8667	6010
98	8925	6086
99	8343	6126

REQUESTS = 100
1	81	2	4	3	1	1
2	18	4	7	3	2	2
3	99	2	4	3	2	1
4	25	6	9	1	1	3
5	64	6	7	1	2	3
6	55	2	5	3	1	2
7	51	2	5	1	1	3
8	9	6	7	3	1	2
9	39	4	7	3	2	2
10	17	1	4	2	1	3
11	60	7	8	2	1	3
12	42	5	6	1	1	1
13	6	2	4	3	2	2
14	69	5	6	3	2	3
15	82	3	4	2	1	2
16	78	7	8	2	1	2
17	19	4	6	2	1	3
18	76	3	6	3	1	3
19	33	2	5	3	2	1
20	10	3	5	3	1	2
21	77	2	4	3	1	1
22	14	6	8	2	2	3
23	8	1	2	3	1	2
24	48	4	7	3	2	2
25	75	2	4	1	1	1
26	15	4	7	1	2	3
27	94	4	5	1	1	3
28	49	4	5	2	2	3
29	70	6	8	2	2	2
30	61	4	5	2	2	1
31	37	2	3	1	1	1
32	63	5	7	2	1	2
33	98	3	4	3	1	2
34	45	3	5	1	2	1
35	28	3	4	1	2	3
36	59	4	6	3	2	3
37	46	3	6	3	1	1
38	47	5	7	1	1	3
39	58	5	7	2	2	3
40	21	1	2	3	1	3
41	88	6	7	1	1	1
42	22	1	4	2	2	2
43	31	4	6	3	1	1
44	13	4	6	3	1	3
45	62	5	8	2	1	3
46	34	6	7	1	1	1
47	95	4	7	3	2	2
48	68	2	4	1	2	1
49	40	2	3	2	1	1
50	92	2	5	2	2	3
51	84	2	4	1	2	2
52	74	2	4	2	2	1
53	3	5	6	2	1	3
54	96	1	4	2	1	2
55	1	2	5	3	2	3
56	93	7	8	1	2	3
57	5	5	8	2	2	2
58	38	2	3	2	2	2
59	86	7	8	2	1	2
60	72	4	7	2	1	1
61	53	4	5	2	2	2
62	44	2	5	3	1	2
63	52	2	5	1	1	1
64	24	5	6	1	1	3
65	41	3	4	3	1	3
66	87	2	4	2	2	1
67	4	2	5	3	2	1
68	85	3	4	2	1	1
69	67	2	3	2	1	2
70	43	6	7	3	2	2
71	89	2	3	3	2	3
72	71	4	7	3	1	1
73	73	8	9	1	1	1
74	16	6	7	1	1	1
75	12	8	9	1	2	1
76	97	1	2	2	2	1
77	35	1	4	3	1	2
78	20	2	5	1	2	1
79	11	2	5	2	1	3
80	83	3	5	3	2	1
81	32	5	6	3	2	3
82	66	4	7	3	1	2
83	2	3	5	1	1	1
84	57	7	9	1	1	1
85	50	5	7	1	2	1
86	90	1	4	3	1	2
87	36	4	7	2	1	3
88	91	2	4	3	1	2
89	65	4	7	1	2	1
90	29	2	4	3	2	1
91	27	5	8	1	2	2
92	23	2	3	2	1	3
93	30	3	4	1	2	2
94	79	2	5	2	1	3
95	56	4	7	3	1	2
96	54	5	8	1	2	2
97	48	2	3	2	1	3
98	80	3	5	2	1	2
99	26	2	5	1	1	2
100	7	2	4	3	2	2

