DATASET = co2020 case challenge part
NAME = tools over vehicle days over vehicles over distance with 500 requests over 25 days

DAYS = 25
CAPACITY = 40
MAX_TRIP_DISTANCE = 16000
DEPOT_COORDINATE = 0

VEHICLE_COST = 2000
VEHICLE_DAY_COST = 300000
DISTANCE_COST = 1

TOOLS = 4
1	3	40	20000000
2	3	54	50000000
3	3	38	30000000
4	3	48	10000000

COORDINATES = 491
0	3976	3992
1	8740	6141
2	8209	6152
3	9011	6155
4	7802	6168
5	3666	6175
6	3500	6242
7	3457	4335
8	8445	6343
9	4315	6423
10	3968	6428
11	8310	6446
12	8230	6518
13	7505	6526
14	8385	6532
15	5076	4197
16	8453	6548
17	4220	6559
18	4127	6603
19	7373	6605
20	8318	6640
21	7861	6665
22	8051	6671
23	3869	4218
24	8388	6713
25	3850	6782
26	3446	6818
27	7558	6823
28	4218	6830
29	3787	6868
30	7760	6868
31	3987	6892
32	8345	6911
33	9628	6918
34	7447	6938
35	9426	6941
36	7828	6943
37	3957	4266
38	4309	7025
39	6890	7028
40	8743	7048
41	4012	7073
42	8764	7077
43	8766	7097
44	7738	7111
45	8491	7135
46	8732	7139
47	8774	4302
48	8991	7182
49	3882	7199
50	3902	7225
51	3368	7227
52	3345	7245
53	7980	4316
54	7367	7268
55	8268	7290
56	7170	7971
57	8455	7334
58	7456	7417
59	8342	6350
60	3857	7466
61	6362	4354
62	3785	7564
63	7253	7573
64	7548	7605
65	7296	7609
66	7305	7616
67	8349	7616
68	4336	6380
69	7974	7642
70	372	2818
71	7080	7704
72	5358	7712
73	8572	7723
74	6460	7731
75	6432	7771
76	8429	4405
77	7986	7816
78	4142	7822
79	6025	7865
80	4142	7867
81	7400	7892
82	6647	7949
83	6478	7994
84	7764	8026
85	6213	8032
86	8324	8034
87	6120	8058
88	7521	8068
89	8891	8458
90	9723	8077
91	7306	8110
92	7221	4459
93	6210	8134
94	3619	4463
95	6807	9601
96	7717	8197
97	7370	8205
98	7307	8208
99	6915	8225
100	6615	8231
101	9188	8250
102	5913	8272
103	5391	8312
104	5371	8319
105	2450	4494
106	7840	8349
107	7722	8360
108	7955	8382
109	3673	8387
110	7756	8405
111	6698	8414
112	8200	8422
113	6180	8429
114	8318	8429
115	6778	8451
116	9658	8451
117	5729	8460
118	6814	8487
119	7180	8494
120	7296	8495
121	7714	8518
122	5361	8528
123	6874	8534
124	5760	8553
125	5571	8559
126	9659	8571
127	8243	4536
128	6283	8630
129	8266	8643
130	8155	8651
131	6305	8653
132	7254	8667
133	9267	8678
134	9861	8690
135	7541	8712
136	5737	8722
137	5501	8742
138	5649	8775
139	5915	8831
140	7338	8838
141	7056	8868
142	5944	8875
143	8383	4585
144	7293	8881
145	5847	8924
146	5595	8931
147	7706	8609
148	7925	9021
149	6062	9024
150	6442	9053
151	5694	9067
152	5949	9081
153	5600	9085
154	2658	4622
155	6560	9114
156	9573	9115
157	6705	9117
158	6233	9170
159	6150	9188
160	7455	9202
161	7631	9212
162	7202	9235
163	8756	9235
164	9142	9250
165	6579	9263
166	8861	9268
167	7767	9300
168	7685	9305
169	6488	9308
170	6855	9309
171	6690	9322
172	8754	9332
173	8037	9361
174	9039	9396
175	8564	9426
176	8593	9433
177	6162	8690
178	6904	9498
179	7001	9525
180	7040	9539
181	8286	9586
182	8569	9651
183	6763	9255
184	6435	9858
185	7402	9981
186	5486	4780
187	7429	4790
188	6884	6807
189	3720	4809
190	4162	6821
191	5743	8826
192	3820	8478
193	1879	2873
194	6948	8681
195	8840	4907
196	8837	4887
197	8791	6681
198	7312	6922
199	7652	6950
200	4028	6956
201	3892	2958
202	5996	2959
203	5400	4982
204	5610	5022
205	6314	3024
206	8102	9316
207	4181	7060
208	3374	3088
209	4282	6546
210	6375	128
211	6398	134
212	8718	6132
213	6530	269
214	8961	9174
215	6003	401
216	6931	6546
217	3050	5207
218	3641	5210
219	8334	7228
220	6287	888
221	4008	7270
222	8135	5275
223	5236	3273
224	3374	4162
225	6476	1102
226	7111	9300
227	6256	8567
228	6602	1166
229	3843	7337
230	6800	1462
231	4290	7379
232	2943	2779
233	5762	1839
234	0	1922
235	5782	1934
236	5135	1956
237	8166	5438
238	7229	1979
239	1855	1992
240	6752	9450
241	5344	2034
242	6005	2069
243	6270	2083
244	9451	5466
245	8328	7471
246	7566	7475
247	6086	2179
248	3303	3471
249	6296	2204
250	6309	2221
251	4846	2257
252	5731	2280
253	8820	7497
254	4674	2399
255	6342	2417
256	6860	2450
257	6271	2482
258	3835	2516
259	5067	2539
260	8117	7537
261	5767	2613
262	773	2637
263	4106	2668
264	4702	2674
265	5047	2681
266	6219	2688
267	4821	2707
268	2853	2709
269	5671	2709
270	7205	2754
271	1561	2787
272	6165	2787
273	3822	2792
274	4940	3575
275	3698	2865
276	4829	2888
277	4767	2900
278	8318	5596
279	251	2924
280	6010	2939
281	6225	2945
282	3157	2977
283	4156	3000
284	6631	3003
285	2210	3015
286	6763	3033
287	1198	3044
288	6813	3050
289	3409	3058
290	5911	3075
291	5978	3083
292	6333	3088
293	5592	3092
294	6255	3135
295	6487	3149
296	4289	3161
297	4781	3163
298	4874	3174
299	6766	3185
300	6110	3196
301	5584	3210
302	3736	3213
303	4558	3221
304	4029	3226
305	6508	3249
306	3043	3251
307	4114	3253
308	6080	3261
309	5367	3650
310	6285	3286
311	7931	5659
312	4432	3304
313	6183	1653
314	7074	3320
315	4206	3336
316	6413	3344
317	6506	3348
318	4738	3362
319	4246	3367
320	4811	3375
321	5230	3408
322	1263	3504
323	3034	3538
324	6284	3554
325	6136	3557
326	3196	3575
327	5730	7710
328	6853	5708
329	8076	7716
330	6163	3645
331	8838	5716
332	2558	3650
333	4320	3666
334	6394	3676
335	7328	5726
336	6760	7731
337	5850	3711
338	5732	3730
339	5857	3729
340	6251	3742
341	4706	3747
342	6079	3748
343	5804	3750
344	6260	3774
345	5808	3826
346	5598	3843
347	5474	3955
348	6722	3997
349	7294	4016
350	2322	4020
351	4850	4073
352	8888	5790
353	1879	4096
354	8037	4101
355	4052	4138
356	3799	4169
357	4794	4217
358	4132	4221
359	8180	4251
360	3938	4266
361	6227	4273
362	4790	4288
363	8445	4297
364	4444	4308
365	8644	4308
366	8258	4316
367	7603	5870
368	3253	4329
369	6020	4344
370	3663	4348
371	5384	4357
372	3757	4360
373	3585	4427
374	8091	4452
375	7379	4460
376	9356	5859
377	5331	4538
378	8520	4539
379	7209	4540
380	3709	4590
381	3365	4596
382	7614	4628
383	8676	4647
384	8561	4658
385	3784	4665
386	8677	4681
387	7987	4698
388	7732	4725
389	8687	4770
390	4173	4771
391	4004	4778
392	8129	4798
393	5452	4809
394	8493	4847
395	3773	4849
396	8006	4882
397	3597	4887
398	8474	4893
399	3944	4906
400	4191	4927
401	7562	4927
402	8778	4931
403	8324	4942
404	3400	4945
405	3843	4958
406	3175	4981
407	8347	4992
408	5425	4993
409	8418	5007
410	9001	5010
411	5878	5044
412	3189	5056
413	8873	5895
414	3979	5076
415	9018	5089
416	4643	5115
417	5777	5139
418	5692	5899
419	7776	5974
420	7027	5196
421	7686	5204
422	8683	5205
423	8434	5208
424	7790	5223
425	8195	5242
426	7015	5244
427	8480	5249
428	4294	5250
429	5199	5263
430	7413	5272
431	3745	5273
432	8009	5277
433	4283	5285
434	7287	5315
435	7955	5339
436	7866	5342
437	8845	5356
438	2772	5362
439	7688	5379
440	8319	5381
441	8011	5394
442	8756	5402
443	4233	5418
444	4550	5468
445	4328	5486
446	8058	5489
447	8507	5502
448	6911	5507
449	4962	5515
450	8546	5528
451	4181	5551
452	4345	5564
453	7804	5566
454	3931	5571
455	4378	5600
456	7466	5646
457	8523	5647
458	7665	5677
459	5238	5682
460	4909	4058
461	9459	5718
462	9002	5742
463	8185	5763
464	9343	5784
465	7126	5799
466	6919	5808
467	7710	5816
468	8791	5821
469	8976	5827
470	7748	5833
471	9477	5857
472	5663	5888
473	7480	5892
474	5176	5898
475	7528	5919
476	5136	5945
477	7148	5960
478	9146	5969
479	9153	5974
480	9011	5976
481	8124	5987
482	8667	6010
483	8652	6026
484	8314	6037
485	3599	4327
486	8981	6076
487	9252	6095
488	9074	6102
489	8044	6129
490	9329	6129

REQUESTS = 500
1	159	4	6	3	3	1
2	455	5	7	1	1	2
3	248	2	4	3	3	2
4	323	7	8	1	4	3
5	37	2	4	3	4	2
6	236	15	16	1	1	2
7	160	16	19	2	2	1
8	407	19	20	1	4	2
9	401	6	9	2	4	1
10	195	1	4	1	1	2
11	120	9	11	1	1	3
12	393	9	11	2	4	2
13	403	6	9	2	3	2
14	75	2	3	2	2	2
15	181	18	19	2	2	2
16	314	10	12	1	1	2
17	334	6	9	2	4	3
18	156	15	17	1	2	2
19	91	5	7	2	2	2
20	212	20	23	2	4	3
21	78	17	18	2	2	1
22	362	17	19	1	1	3
23	424	7	9	1	2	2
24	478	4	6	3	3	3
25	284	17	20	2	4	3
26	485	3	5	2	3	3
27	381	6	9	1	4	3
28	76	14	16	2	2	3
29	183	7	10	3	1	2
30	205	21	23	2	3	2
31	383	14	16	2	1	3
32	241	20	23	2	1	3
33	51	11	13	2	2	2
34	95	2	5	2	1	1
35	456	20	22	2	3	3
36	117	11	14	1	1	2
37	215	15	18	2	3	3
38	364	11	13	2	1	1
39	22	1	4	2	2	1
40	72	5	7	1	1	2
41	228	9	10	3	2	1
42	184	21	22	3	4	2
43	20	11	12	1	4	3
44	2	12	15	3	4	2
45	33	8	9	3	2	1
46	100	20	22	1	3	3
47	339	21	24	1	1	3
48	273	1	3	1	3	1
49	400	9	11	1	2	2
50	338	4	6	3	2	3
51	108	8	9	2	3	1
52	300	15	18	1	2	3
53	440	10	12	1	1	3
54	379	15	17	3	2	3
55	464	18	21	3	4	1
56	336	17	19	1	1	2
57	361	2	4	3	3	2
58	14	8	11	2	1	2
59	136	5	6	2	3	1
60	54	20	23	1	4	2
61	101	16	19	1	4	3
62	271	10	11	2	1	2
63	385	15	18	2	4	2
64	196	13	14	3	2	2
65	90	8	10	3	1	2
66	44	16	19	1	4	1
67	348	18	21	2	1	3
68	1	1	4	3	1	1
69	382	9	11	2	3	1
70	438	2	3	3	1	2
71	140	20	22	2	4	3
72	325	6	7	1	2	1
73	198	15	18	1	4	1
74	395	16	19	3	1	1
75	363	12	15	2	4	2
76	45	16	19	1	4	3
77	85	10	12	3	1	1
78	277	7	10	1	3	1
79	453	12	14	1	1	2
80	490	20	21	1	4	1
81	386	1	4	1	1	3
82	245	19	20	1	2	1
83	112	13	15	3	4	1
84	421	19	21	3	2	2
85	293	19	21	3	2	1
86	170	13	15	1	1	2
87	422	23	24	1	2	1
88	307	6	9	2	2	3
89	62	5	7	3	3	1
90	278	1	2	2	4	2
91	471	16	19	2	1	2
92	279	1	2	3	3	2
93	148	5	6	2	3	3
94	374	20	21	3	4	1
95	345	5	7	2	1	2
96	24	10	13	3	1	2
97	173	4	5	1	4	2
98	282	8	11	1	1	3
99	41	18	20	1	2	2
100	50	18	21	3	1	1
101	297	17	18	3	2	1
102	162	11	13	3	4	2
103	328	1	4	3	4	1
104	92	6	9	2	1	1
105	321	13	16	2	2	1
106	201	2	4	1	1	1
107	262	4	7	3	3	1
108	176	8	11	1	1	1
109	94	14	16	1	1	2
110	231	1	3	3	1	3
111	137	20	21	2	3	2
112	142	12	15	1	2	2
113	35	6	8	3	2	1
114	312	1	3	2	2	1
115	247	13	16	1	1	2
116	309	21	23	2	2	3
117	11	1	4	2	4	2
118	267	5	6	3	3	2
119	402	10	12	1	1	1
120	56	6	8	1	1	3
121	313	5	8	2	2	2
122	82	15	18	2	4	3
123	217	10	13	1	4	3
124	409	16	19	2	1	3
125	303	15	16	2	3	1
126	170	19	22	3	2	3
127	42	16	17	2	3	3
128	447	5	8	2	4	2
129	3	3	6	3	1	2
130	186	3	6	3	1	1
131	59	7	9	3	2	3
132	67	11	12	3	2	1
133	107	14	16	2	2	1
134	444	19	22	1	1	2
135	165	3	5	1	4	3
136	93	7	9	2	2	3
137	330	22	23	2	4	1
138	469	12	15	3	4	3
139	163	22	23	2	1	1
140	229	5	8	1	1	2
141	32	10	13	2	2	3
142	77	6	9	2	3	2
143	343	19	22	1	2	1
144	36	19	21	1	2	3
145	240	4	7	3	2	3
146	154	4	5	1	4	1
147	341	17	20	2	1	1
148	103	13	16	3	2	1
149	63	6	7	2	1	2
150	358	13	14	3	3	2
151	143	15	18	1	2	3
152	466	18	19	1	3	2
153	39	19	22	2	2	1
154	430	16	18	1	1	2
155	283	21	24	1	4	1
156	97	14	17	2	2	1
157	298	4	7	2	3	2
158	12	8	10	3	2	3
159	344	17	18	3	2	1
160	305	2	3	1	2	3
161	389	5	6	3	4	3
162	210	12	14	3	1	3
163	17	15	16	2	4	1
164	483	12	14	3	3	2
165	123	8	11	3	3	1
166	242	19	21	1	4	1
167	113	12	13	3	2	3
168	119	10	11	3	3	3
169	477	13	16	2	2	2
170	288	18	20	3	2	2
171	257	13	15	1	2	3
172	481	6	8	3	4	3
173	126	7	10	2	2	2
174	474	6	8	1	3	2
175	161	21	23	2	3	1
176	260	17	19	1	4	2
177	322	16	17	2	4	3
178	52	7	9	3	2	3
179	180	4	6	1	3	1
180	461	20	23	2	2	3
181	53	2	3	1	3	1
182	227	19	22	3	1	1
183	274	11	14	3	1	1
184	484	5	8	3	3	2
185	299	1	4	2	4	1
186	380	14	15	3	4	3
187	316	2	3	2	2	2
188	253	3	6	2	1	1
189	479	6	9	3	2	3
190	311	16	17	2	2	1
191	37	20	21	2	2	1
192	132	7	8	1	4	1
193	425	15	16	1	1	3
194	359	5	6	2	4	1
195	434	17	18	1	2	1
196	23	17	20	2	4	3
197	225	11	14	1	3	1
198	251	19	22	1	2	1
199	377	10	11	3	4	2
200	296	20	21	1	3	1
201	6	16	18	2	2	2
202	408	8	9	2	4	1
203	213	8	10	3	2	3
204	463	4	6	3	2	2
205	427	17	18	3	3	3
206	7	17	20	3	4	1
207	376	14	16	3	4	1
208	412	11	14	1	4	3
209	366	19	21	1	2	1
210	65	1	2	1	2	2
211	285	4	7	3	4	2
212	351	14	15	3	3	1
213	340	1	4	2	1	1
214	396	19	20	1	4	2
215	486	3	6	3	2	3
216	193	12	13	2	3	2
217	214	19	20	2	1	1
218	419	8	9	1	3	2
219	157	9	12	3	1	3
220	153	12	15	2	2	2
221	226	8	10	3	1	3
222	398	5	6	1	1	1
223	70	10	11	3	3	2
224	8	2	4	3	4	2
225	150	9	12	1	4	3
226	264	19	20	2	3	2
227	413	19	22	2	3	1
228	458	18	19	3	1	2
229	143	13	15	1	1	3
230	73	10	11	2	3	2
231	439	17	18	2	4	3
232	246	6	9	3	1	3
233	235	19	22	1	3	3
234	39	10	11	3	2	3
235	191	11	13	1	1	2
236	238	9	10	3	1	1
237	127	7	10	3	1	2
238	473	3	4	2	3	3
239	174	12	15	1	3	3
240	115	20	22	2	2	3
241	169	15	17	1	2	1
242	352	1	2	3	2	3
243	185	18	21	1	3	1
244	155	20	21	1	4	1
245	98	18	20	3	2	2
246	31	23	24	1	2	1
247	332	4	6	2	3	2
248	206	13	16	1	2	3
249	83	13	16	3	4	1
250	194	7	9	3	3	1
251	57	6	8	1	1	3
252	118	12	14	1	3	3
253	114	4	7	3	2	2
254	263	15	18	2	4	1
255	416	12	14	2	2	1
256	151	18	20	3	2	1
257	47	5	6	3	2	1
258	203	8	11	1	1	2
259	457	20	23	2	4	3
260	319	8	10	1	2	2
261	265	17	20	3	2	1
262	326	7	10	3	4	1
263	286	15	18	2	3	1
264	472	15	16	3	1	1
265	373	2	5	1	4	3
266	43	16	18	1	1	2
267	405	13	15	3	2	3
268	454	17	19	2	1	1
269	16	16	17	1	4	1
270	99	7	10	1	3	1
271	301	10	12	1	2	3
272	465	9	10	1	4	3
273	470	9	11	1	1	3
274	370	9	12	3	4	3
275	88	1	4	2	1	3
276	459	12	15	3	1	2
277	462	15	18	3	4	3
278	281	5	7	2	2	3
279	26	2	4	2	3	2
280	318	7	8	2	3	3
281	269	5	8	1	1	3
282	239	22	23	1	1	2
283	287	3	6	3	2	2
284	192	8	10	2	2	2
285	250	9	11	1	3	3
286	276	16	19	1	1	3
287	232	12	14	1	2	1
288	152	7	8	2	2	2
289	411	11	14	3	2	2
290	129	17	20	2	2	1
291	356	15	16	3	3	2
292	258	16	19	3	4	3
293	144	7	9	3	2	3
294	122	7	8	3	1	2
295	270	5	6	3	2	2
296	146	10	12	1	4	3
297	207	6	8	2	1	3
298	252	16	18	3	4	2
299	437	5	8	3	4	2
300	199	9	11	2	1	2
301	74	17	20	3	3	3
302	310	12	15	3	1	2
303	435	18	21	3	3	3
304	292	4	5	3	2	3
305	335	17	19	3	4	3
306	96	6	9	1	2	1
307	423	18	19	1	2	3
308	234	23	24	1	3	1
309	105	10	11	3	4	2
310	448	4	7	1	4	3
311	428	6	8	2	2	3
312	414	11	14	2	4	2
313	49	17	18	3	1	3
314	131	21	22	2	1	2
315	355	17	19	3	2	1
316	149	9	12	3	1	2
317	5	14	16	3	2	3
318	19	12	13	1	2	1
319	71	19	20	2	1	1
320	121	20	22	3	4	1
321	266	13	15	1	1	3
322	222	4	6	2	2	2
323	432	1	3	3	4	3
324	172	12	14	1	3	1
325	372	14	16	1	3	3
326	418	10	11	1	4	3
327	337	20	23	1	3	3
328	449	17	18	1	2	1
329	125	3	5	2	2	2
330	378	13	16	3	4	2
331	79	13	14	3	1	2
332	294	17	19	2	2	2
333	128	6	7	1	4	2
334	243	3	4	3	2	3
335	230	13	16	2	3	1
336	168	4	7	1	4	1
337	27	5	7	3	3	3
338	164	17	20	1	4	3
339	237	1	2	1	1	3
340	61	7	9	2	4	2
341	420	14	15	3	1	2
342	34	2	5	2	1	1
343	202	4	5	2	4	2
344	224	8	11	1	3	2
345	204	10	13	1	2	1
346	58	3	4	2	2	2
347	290	13	14	2	2	2
348	487	15	17	3	1	3
349	306	20	21	1	2	1
350	280	11	14	2	2	2
351	476	19	20	1	3	2
352	360	17	19	3	2	2
353	21	22	23	1	4	1
354	133	7	9	2	1	2
355	187	17	19	1	3	1
356	135	22	23	1	2	1
357	30	21	24	1	3	2
358	429	11	14	2	3	1
359	48	6	7	1	3	3
360	147	11	12	2	3	2
361	233	12	13	1	3	2
362	138	12	15	1	1	3
363	394	3	4	1	1	2
364	452	18	20	2	4	3
365	436	22	23	2	3	3
366	369	17	20	1	2	3
367	308	14	16	2	4	2
368	166	16	19	2	3	1
369	10	21	23	2	1	2
370	64	19	21	3	2	1
371	371	7	9	3	3	3
372	488	7	9	2	2	2
373	256	8	11	1	4	1
374	130	20	22	3	1	1
375	84	6	8	1	3	1
376	259	14	17	1	2	2
377	391	3	4	1	4	2
378	109	7	8	3	2	2
379	66	12	14	3	3	3
380	167	20	23	2	2	1
381	103	4	5	3	4	1
382	268	13	14	2	1	3
383	331	2	3	2	1	1
384	406	17	18	1	3	3
385	216	19	21	3	4	3
386	218	21	22	2	4	2
387	197	8	11	3	1	2
388	69	18	21	2	1	2
389	317	2	3	3	3	2
390	111	5	8	2	2	3
391	350	3	5	2	1	2
392	304	13	15	1	4	2
393	392	5	6	2	4	1
394	399	1	3	2	4	3
395	190	13	14	1	4	2
396	80	12	13	2	2	2
397	25	14	16	2	1	3
398	388	5	7	1	3	1
399	415	16	17	2	2	1
400	365	19	21	2	1	3
401	275	1	2	1	3	1
402	291	16	19	3	2	3
403	417	1	2	3	4	3
404	106	14	16	2	3	2
405	208	19	21	2	4	1
406	451	16	18	3	1	2
407	320	8	11	3	4	3
408	219	9	11	3	4	1
409	349	9	11	1	2	2
410	431	1	4	1	4	3
411	178	8	11	1	2	1
412	60	12	15	3	3	2
413	390	10	13	3	2	2
414	410	1	4	3	1	2
415	175	2	4	2	4	3
416	145	19	22	3	4	2
417	404	7	10	2	3	3
418	489	4	5	2	1	1
419	102	6	7	3	1	2
420	261	18	20	2	4	1
421	38	14	15	3	2	2
422	368	19	21	1	4	2
423	40	13	15	3	3	3
424	443	22	23	2	4	3
425	254	3	4	2	3	2
426	342	9	10	1	4	1
427	55	15	16	1	4	1
428	158	2	5	1	2	1
429	272	8	9	2	1	3
430	480	21	24	1	4	3
431	220	2	4	1	3	3
432	475	18	19	3	4	1
433	315	9	12	2	4	3
434	189	6	9	2	3	3
435	255	5	6	2	4	2
436	124	21	23	2	3	1
437	116	11	14	2	2	2
438	110	1	2	1	1	1
439	29	8	9	3	4	3
440	28	13	14	3	2	2
441	329	12	14	3	3	3
442	282	8	9	3	2	1
443	397	18	21	3	4	1
444	446	11	13	3	3	1
445	211	9	11	1	2	2
446	302	5	7	1	4	3
447	357	12	13	3	1	1
448	333	2	3	2	2	1
449	209	13	14	2	4	1
450	442	1	2	2	2	1
451	445	10	13	1	3	1
452	460	7	9	2	4	3
453	295	11	13	1	4	3
454	353	12	14	1	2	2
455	354	5	8	2	3	1
456	324	9	12	2	4	3
457	467	11	12	3	2	3
458	81	1	2	1	4	2
459	450	17	20	1	1	2
460	257	20	23	1	3	1
461	289	11	13	2	2	3
462	223	15	16	2	2	3
463	87	7	8	3	3	1
464	134	13	16	2	3	1
465	347	20	21	2	4	3
466	139	1	4	3	4	3
467	482	4	7	1	2	2
468	46	8	10	1	1	2
469	9	9	12	3	2	1
470	179	4	7	3	3	2
471	15	18	20	2	3	3
472	171	14	15	3	4	2
473	468	14	17	3	4	1
474	327	15	16	2	1	3
475	104	11	12	3	1	1
476	367	20	23	2	4	2
477	200	20	22	3	1	1
478	387	3	6	3	2	1
479	177	7	9	1	4	1
480	89	1	3	1	1	3
481	182	10	13	3	2	2
482	311	5	7	3	4	2
483	441	9	11	1	1	1
484	359	3	4	1	3	3
485	244	8	10	2	1	1
486	221	9	11	2	1	1
487	384	20	22	2	3	3
488	4	6	7	2	4	2
489	433	19	22	3	4	3
490	68	6	8	1	3	3
491	86	12	15	1	2	2
492	249	2	5	3	2	3
493	426	2	4	3	1	1
494	18	9	11	1	3	3
495	258	5	7	1	1	1
496	346	1	4	1	4	1
497	13	18	21	1	4	3
498	188	2	3	1	4	1
499	375	6	9	3	3	1
500	141	13	14	1	1	1

