DATASET = co2020 case challenge part
NAME = tools over distance over vehicle days over vehicles with 500 requests over 25 days

DAYS = 25
CAPACITY = 30
MAX_TRIP_DISTANCE = 17000
DEPOT_COORDINATE = 0

VEHICLE_COST = 1
VEHICLE_DAY_COST = 4000
DISTANCE_COST = 500000

TOOLS = 3
1	3	48	20000000
2	3	56	20000000
3	15	36	10000000

COORDINATES = 492
0	7410	5448
1	9397	6149
2	7392	6161
3	9067	6166
4	8655	6170
5	8677	8142
6	4263	6192
7	7988	6210
8	8952	5934
9	8484	6289
10	7406	6292
11	7788	6295
12	8247	6309
13	7465	6331
14	8547	6356
15	3572	6410
16	8647	6413
17	7399	6437
18	3711	6477
19	8049	6484
20	7574	6485
21	8592	6497
22	3614	6498
23	8445	6519
24	4078	6526
25	7445	5852
26	8453	6548
27	7024	8205
28	7548	6593
29	7125	6613
30	6741	6622
31	7055	6633
32	7030	6653
33	3474	6654
34	4072	6690
35	4161	6702
36	7192	6742
37	3372	6743
38	4214	6767
39	4245	6835
40	4010	6896
41	8118	6904
42	4557	6945
43	8490	6946
44	3939	6969
45	7372	6969
46	9267	6971
47	9260	6988
48	4515	4281
49	7540	7063
50	5985	7070
51	8052	6289
52	8857	7087
53	7747	7100
54	7938	7101
55	8750	7156
56	6726	7197
57	2288	4310
58	4219	7248
59	8108	4313
60	4591	4317
61	3762	7285
62	3808	7307
63	5631	4324
64	6909	7317
65	7090	7322
66	3449	5972
67	8960	7392
68	4177	7438
69	6799	7516
70	3775	7520
71	6314	7571
72	7253	7573
73	3750	7588
74	6887	7589
75	4310	4372
76	7734	7611
77	5802	3979
78	8145	7643
79	7994	7657
80	6938	7678
81	7059	7692
82	8100	7702
83	9723	8785
84	6173	7748
85	5832	7759
86	6625	7797
87	7986	7816
88	5248	7826
89	8405	7856
90	4274	7862
91	7384	7885
92	5478	8436
93	6586	7989
94	8227	8000
95	6275	8007
96	3644	6447
97	5591	8039
98	5561	8040
99	7349	8055
100	8634	8062
101	6370	8066
102	7932	8461
103	7054	8193
104	7084	8202
105	3855	4475
106	8979	8228
107	5650	8301
108	5927	8497
109	5818	8320
110	3097	2492
111	9351	8361
112	6537	8376
113	3837	8432
114	6678	8439
115	5729	8460
116	6672	8469
117	6814	8487
118	5786	8497
119	7882	8504
120	7714	8518
121	8440	7612
122	6041	8573
123	5891	8603
124	7654	8610
125	5591	8615
126	7525	8623
127	3940	8635
128	6508	8654
129	6305	8656
130	7899	8687
131	7625	8693
132	5737	8722
133	5509	8757
134	7215	8767
135	7304	8580
136	6669	8828
137	7774	8835
138	8383	4585
139	8480	8903
140	7069	8905
141	8017	8960
142	7277	5068
143	3986	4268
144	7293	9018
145	7675	9095
146	6446	9097
147	9323	9167
148	8168	9174
149	6680	9184
150	6597	9188
151	9315	9198
152	6904	9206
153	7202	9235
154	6487	7471
155	6348	9281
156	9272	9298
157	7564	9333
158	8790	6665
159	7195	9341
160	6759	9346
161	9051	9362
162	4579	2668
163	8226	9403
164	6521	9429
165	8797	9433
166	8749	9476
167	8229	9556
168	6872	9595
169	5118	9676
170	6187	8737
171	9065	9787
172	4722	5074
173	6165	9863
174	4752	4751
175	7542	4769
176	5901	8800
177	7233	8833
178	3451	4833
179	7035	2843
180	6519	6888
181	2770	4894
182	3926	6955
183	5867	2953
184	3529	2963
185	8374	6099
186	3977	7010
187	2717	5083
188	4528	7106
189	7567	4687
190	3899	5109
191	6110	45
192	4282	6546
193	3454	5169
194	6959	5144
195	8548	5334
196	6549	226
197	6496	9339
198	4831	3157
199	8643	7175
200	6878	7742
201	3606	7183
202	8939	7196
203	4199	5205
204	8794	5224
205	7400	5229
206	8586	5234
207	6195	801
208	3324	3241
209	7202	5248
210	4690	2954
211	8009	5287
212	3574	3305
213	6605	9320
214	7399	9323
215	7648	5371
216	6490	1677
217	6499	7403
218	6236	1765
219	6383	1805
220	2943	2779
221	6743	1877
222	5847	1908
223	5718	1925
224	5463	1959
225	5036	2008
226	1909	2058
227	5497	2058
228	1686	2067
229	6700	2076
230	849	2157
231	5091	2165
232	3303	3471
233	6426	2248
234	6894	2301
235	4991	2337
236	9359	5502
237	2517	2407
238	6742	2421
239	3117	2508
240	6934	7542
241	3279	2595
242	2812	2650
243	6781	2667
244	6219	2688
245	3404	2689
246	3805	2695
247	5671	2709
248	3240	2715
249	4189	2725
250	6277	2732
251	3706	2740
252	3615	2741
253	2895	2747
254	2421	2799
255	5836	2819
256	430	2835
257	4947	2844
258	4655	2852
259	622	2861
260	5008	2870
261	3562	2940
262	6273	2956
263	4144	2958
264	2434	2975
265	3946	2977
266	5858	2979
267	4685	3019
268	5355	3025
269	6917	3028
270	5377	3049
271	6373	3091
272	7140	3095
273	3073	3096
274	5780	3101
275	3429	3152
276	4578	3170
277	3696	3245
278	2953	3252
279	4114	3253
280	3699	3268
281	6327	3271
282	5268	3277
283	6522	3280
284	5653	3287
285	5487	5036
286	3724	3302
287	1756	3355
288	4068	3364
289	6537	3394
290	4093	3395
291	5565	3402
292	5437	3405
293	6057	3424
294	5576	3432
295	5564	3477
296	5481	3481
297	1263	3504
298	5632	3509
299	3034	3538
300	9532	5844
301	4150	3555
302	4845	3558
303	4225	3706
304	4304	3621
305	4224	3667
306	8338	6012
307	4025	3682
308	6822	3689
309	6134	3705
310	6760	7731
311	2057	3712
312	5794	3753
313	4971	3775
314	1799	3791
315	5995	7857
316	2135	3922
317	3830	4002
318	5162	4050
319	3709	4082
320	3524	4086
321	4048	4094
322	4656	4110
323	3713	4876
324	7274	6266
325	3799	4169
326	4402	4176
327	3449	4185
328	7912	4186
329	3949	4201
330	6457	4206
331	3547	4212
332	6055	8669
333	4390	4218
334	7543	5467
335	8106	4239
336	3809	4241
337	4046	4244
338	5043	4258
339	3938	4266
340	2383	4282
341	8784	5826
342	6051	4305
343	3519	4325
344	6166	4327
345	6198	4331
346	2341	4341
347	8380	4366
348	4681	4368
349	7132	4394
350	4644	4403
351	8519	4411
352	8317	4425
353	5807	4441
354	2720	4446
355	7129	4451
356	3678	4465
357	4254	4465
358	5738	4499
359	6904	4501
360	2387	4529
361	7188	4549
362	4246	7872
363	8324	4566
364	3633	4574
365	3365	4596
366	8838	4596
367	4258	4600
368	4663	4600
369	8427	4622
370	8281	4670
371	4075	4682
372	4947	4685
373	7756	4686
374	3949	4689
375	7606	4695
376	7808	4707
377	7493	4710
378	8388	4723
379	8085	4739
380	7231	4745
381	3849	4752
382	4697	4762
383	8586	4779
384	4887	4810
385	4180	4845
386	8493	4847
387	3822	4874
388	5351	4891
389	5563	4892
390	7851	4892
391	3566	4894
392	8053	5490
393	5501	4912
394	3173	4916
395	8467	4921
396	8778	4931
397	3459	4932
398	5363	4948
399	3850	4952
400	8844	5934
401	7641	4991
402	7788	4994
403	4547	5018
404	5472	5035
405	3958	5041
406	7921	5052
407	5503	5084
408	8107	5088
409	3968	5104
410	3882	5125
411	6953	5140
412	5692	5899
413	7433	5189
414	7851	5190
415	8359	5200
416	9059	5202
417	8872	5212
418	7094	5241
419	8825	5246
420	8421	5247
421	5134	5270
422	8313	5295
423	8707	5297
424	7329	5304
425	8944	5309
426	8470	5322
427	2969	5330
428	4859	3995
429	3848	5346
430	7891	5378
431	8449	5380
432	4276	5388
433	8018	5389
434	2188	4007
435	7807	5402
436	7573	5411
437	7358	5412
438	5264	4009
439	5339	5423
440	7053	5428
441	7590	5433
442	7330	5436
443	3742	5438
444	7803	5446
445	9184	5456
446	7757	5460
447	4428	5475
448	8374	5513
449	4330	5517
450	8714	5544
451	4592	5545
452	7588	5569
453	7067	5571
454	7774	5580
455	8404	5620
456	7649	5645
457	7676	5655
458	7505	5677
459	6790	5689
460	4598	5690
461	8628	5692
462	8101	5703
463	7784	5724
464	9046	5737
465	7707	5739
466	8399	5740
467	9519	5743
468	9343	5784
469	7561	5811
470	3290	5818
471	3957	5121
472	9588	5845
473	7116	5849
474	9166	5866
475	7841	5876
476	9431	5879
477	9151	5896
478	9269	5906
479	9158	5910
480	7528	5919
481	7148	5960
482	5554	5971
483	9266	6021
484	7779	6022
485	6495	8121
486	9375	6057
487	9467	6061
488	7910	6084
489	9370	6102
490	4161	6110
491	4148	6129

REQUESTS = 500
1	430	5	8	1	1	2
2	465	20	23	1	3	1
3	369	17	18	1	3	2
4	207	14	17	1	2	1
5	281	10	12	2	1	2
6	181	8	9	3	1	2
7	41	21	23	2	1	1
8	305	6	9	3	1	1
9	174	9	12	3	3	2
10	5	2	3	3	3	1
11	12	3	5	3	2	1
12	80	3	5	2	1	3
13	442	18	20	2	3	2
14	98	10	12	2	1	3
15	250	17	19	2	2	1
16	356	8	10	3	2	1
17	46	1	2	3	2	3
18	183	22	24	1	3	1
19	246	21	23	1	1	2
20	395	12	14	3	2	3
21	218	1	3	2	1	2
22	48	4	6	1	1	3
23	247	8	9	3	2	2
24	365	6	8	2	1	3
25	489	19	20	3	2	1
26	275	21	24	1	2	1
27	194	3	6	1	1	2
28	396	11	13	3	3	2
29	272	9	11	2	1	1
30	134	1	2	3	1	2
31	28	15	16	3	2	1
32	490	2	5	3	1	1
33	335	13	14	1	1	2
34	283	5	8	3	2	1
35	197	14	17	1	2	3
36	239	5	6	1	2	3
37	11	12	15	1	1	3
38	418	8	11	1	2	3
39	352	7	10	1	3	1
40	279	8	10	2	1	3
41	211	3	6	2	3	2
42	441	21	23	1	1	3
43	484	17	18	2	1	3
44	411	13	16	2	2	3
45	262	17	19	3	2	3
46	199	2	4	2	2	1
47	133	1	3	1	3	2
48	277	14	16	3	3	1
49	481	19	20	2	2	2
50	232	13	14	3	1	2
51	431	6	8	2	2	2
52	32	4	6	2	2	2
53	468	1	3	3	2	1
54	33	3	6	2	2	1
55	91	13	15	1	3	2
56	4	4	7	3	3	2
57	231	3	6	2	1	3
58	424	10	13	3	1	2
59	381	6	8	3	1	2
60	428	2	5	1	2	1
61	242	16	18	1	1	2
62	437	7	9	3	1	1
63	234	19	20	2	3	2
64	337	2	4	1	2	1
65	285	15	16	2	2	1
66	456	9	12	1	1	3
67	413	22	24	1	3	1
68	401	20	21	3	2	2
69	71	1	2	2	3	1
70	329	21	22	1	3	1
71	100	3	5	1	3	2
72	303	4	7	2	3	1
73	160	21	22	3	2	2
74	136	10	13	3	3	1
75	267	16	19	2	1	3
76	269	3	6	2	2	3
77	50	19	20	2	1	1
78	333	1	3	2	2	3
79	336	2	5	1	2	3
80	3	8	11	3	2	3
81	113	3	6	3	2	3
82	171	4	7	3	3	1
83	334	21	22	3	1	3
84	18	17	20	3	2	2
85	55	7	10	1	3	1
86	107	1	3	3	1	1
87	309	17	18	2	1	2
88	60	7	9	3	1	2
89	479	15	17	1	1	3
90	410	1	3	3	2	2
91	284	12	15	1	3	2
92	123	3	4	2	2	2
93	287	14	15	1	2	1
94	173	10	11	3	1	1
95	214	5	8	2	1	3
96	210	5	6	1	1	3
97	191	18	21	2	1	3
98	26	5	6	2	1	1
99	378	19	21	3	2	3
100	310	6	9	3	1	1
101	457	2	4	2	2	1
102	117	18	20	1	1	3
103	222	5	7	1	1	2
104	439	9	10	3	2	3
105	182	1	3	3	1	3
106	331	15	16	2	1	2
107	64	11	12	1	3	1
108	298	1	3	2	1	3
109	34	12	15	3	1	2
110	189	15	17	2	3	2
111	115	20	22	2	1	1
112	382	20	22	2	2	3
113	386	6	8	1	2	2
114	392	11	14	2	2	3
115	445	9	10	2	2	1
116	8	6	8	1	2	3
117	86	10	12	1	3	1
118	436	10	12	1	2	1
119	180	1	4	1	3	1
120	162	2	5	2	3	1
121	225	9	12	1	2	3
122	322	2	3	3	1	2
123	377	8	10	3	1	3
124	144	20	21	3	1	1
125	149	7	10	2	2	2
126	202	4	6	2	3	1
127	469	8	10	2	1	3
128	363	6	7	2	3	1
129	407	15	17	2	3	2
130	67	1	3	2	3	2
131	449	3	4	2	2	2
132	159	3	4	1	1	3
133	238	19	21	3	3	1
134	56	19	21	1	3	1
135	158	13	14	1	2	1
136	143	6	9	2	2	1
137	314	17	18	1	3	1
138	295	3	5	1	1	3
139	324	5	8	1	1	1
140	219	1	3	3	2	1
141	450	3	4	3	2	2
142	241	14	16	3	2	3
143	385	11	14	1	3	2
144	388	5	7	3	3	1
145	129	7	10	2	3	2
146	393	10	12	1	2	2
147	237	13	16	3	1	2
148	464	3	4	3	1	1
149	213	7	8	2	3	2
150	429	19	20	2	2	3
151	391	18	21	3	3	1
152	360	18	21	2	2	3
153	164	14	15	2	2	2
154	112	6	8	3	3	1
155	203	12	14	3	3	2
156	315	10	12	3	2	2
157	451	12	14	1	3	1
158	135	21	23	1	2	1
159	299	12	14	3	3	2
160	57	2	4	3	2	2
161	39	19	20	2	2	2
162	63	6	8	2	2	3
163	282	12	13	2	2	1
164	453	7	9	3	1	1
165	59	19	21	2	1	1
166	30	1	3	2	1	2
167	62	6	7	1	3	1
168	265	17	19	1	3	2
169	458	8	11	1	3	2
170	330	19	22	3	1	1
171	448	18	20	2	3	1
172	170	5	6	3	1	2
173	119	5	6	1	2	1
174	421	7	9	1	1	2
175	394	15	17	3	1	2
176	124	7	10	1	1	1
177	355	19	22	2	1	2
178	94	4	7	3	1	1
179	52	6	8	3	2	1
180	29	18	19	2	2	2
181	157	19	22	3	1	3
182	166	21	23	1	2	3
183	240	3	4	1	2	3
184	79	10	12	2	1	3
185	44	16	18	2	2	1
186	65	8	11	3	3	1
187	61	9	12	2	2	2
188	226	18	20	1	2	3
189	230	13	15	2	3	1
190	151	19	22	3	1	1
191	261	15	16	2	1	3
192	311	11	12	2	2	2
193	452	12	15	2	3	1
194	344	3	6	1	2	2
195	130	12	13	2	3	2
196	88	7	9	3	3	1
197	438	10	11	2	3	2
198	318	11	14	3	3	1
199	70	9	10	1	3	1
200	110	10	12	1	1	1
201	163	4	5	3	1	3
202	302	11	14	2	2	1
203	321	13	16	2	2	1
204	152	13	16	1	2	2
205	49	2	5	2	2	1
206	90	6	7	3	2	2
207	362	12	14	1	1	2
208	292	6	9	2	2	2
209	398	12	15	3	2	3
210	245	13	15	3	2	3
211	347	11	12	3	3	1
212	47	14	16	3	3	1
213	9	7	10	1	3	2
214	313	20	23	2	3	2
215	153	18	20	2	2	3
216	75	18	21	1	2	3
217	127	17	20	2	2	3
218	447	18	19	2	3	2
219	38	19	20	3	1	2
220	21	7	9	1	3	1
221	116	9	12	2	3	2
222	155	12	13	3	2	1
223	68	6	9	1	3	2
224	446	2	5	1	3	2
225	72	4	7	2	3	2
226	83	7	9	2	2	1
227	227	7	8	1	3	2
228	81	5	8	1	1	1
229	485	15	18	2	3	1
230	339	11	12	1	3	2
231	301	16	19	1	1	1
232	474	15	18	3	3	1
233	249	2	4	1	2	1
234	488	4	7	3	1	3
235	397	19	20	3	2	1
236	43	13	14	1	1	3
237	463	18	20	1	1	1
238	372	8	11	3	2	1
239	343	10	13	2	2	3
240	185	1	2	3	3	1
241	487	11	14	2	3	2
242	368	8	10	2	1	1
243	67	17	18	1	2	1
244	235	4	5	1	2	2
245	188	16	18	1	3	1
246	175	5	8	3	3	1
247	345	10	11	3	1	2
248	35	3	5	3	3	1
249	286	8	9	1	1	3
250	260	18	21	1	1	2
251	229	15	16	3	1	1
252	408	10	13	2	2	2
253	400	15	17	2	3	1
254	76	18	19	3	3	1
255	332	21	24	1	1	2
256	195	7	10	2	2	3
257	248	15	16	1	3	1
258	17	10	11	2	3	1
259	212	5	6	1	3	2
260	253	12	15	2	3	2
261	419	2	5	1	2	2
262	190	3	6	3	1	3
263	51	19	22	3	2	2
264	220	5	7	2	3	1
265	236	10	11	3	3	2
266	168	15	16	1	1	1
267	340	14	17	3	1	2
268	291	8	11	2	3	1
269	296	12	13	1	2	3
270	476	2	4	3	3	2
271	89	17	19	1	2	2
272	215	4	5	1	2	2
273	142	4	7	2	3	1
274	121	12	14	3	3	2
275	471	7	8	1	2	2
276	205	5	6	2	3	2
277	268	19	22	2	1	2
278	459	20	22	2	3	1
279	351	20	22	3	1	2
280	243	3	4	2	2	2
281	216	18	21	3	2	2
282	85	17	18	3	3	1
283	380	9	12	1	2	2
284	346	5	6	2	3	2
285	341	6	7	1	1	3
286	258	6	8	3	3	1
287	440	1	4	3	3	2
288	273	5	6	2	2	2
289	475	18	19	3	3	1
290	293	8	11	1	1	1
291	434	17	18	2	2	2
292	466	1	4	3	2	1
293	105	18	20	3	1	2
294	177	13	14	3	2	1
295	73	2	5	3	2	2
296	244	7	8	2	3	1
297	477	3	4	3	1	1
298	271	18	19	1	3	2
299	326	7	9	3	3	1
300	266	9	10	2	1	3
301	407	18	20	2	1	2
302	455	4	5	3	3	2
303	109	20	21	1	2	2
304	270	5	6	1	2	1
305	154	6	9	3	2	3
306	19	15	18	2	3	2
307	290	15	17	1	3	1
308	252	1	4	1	3	2
309	92	7	9	2	2	2
310	364	13	15	3	2	3
311	217	13	16	3	2	2
312	187	9	12	3	3	2
313	167	12	14	1	2	1
314	255	2	4	3	2	2
315	370	3	5	1	3	1
316	415	2	5	2	3	2
317	23	4	5	3	3	1
318	460	13	15	3	1	2
319	99	18	21	1	1	1
320	483	9	11	2	1	3
321	42	10	11	3	3	1
322	384	19	21	1	3	1
323	462	1	2	1	1	3
324	420	22	23	2	2	1
325	423	8	10	2	3	1
326	294	19	21	1	2	3
327	114	17	20	3	3	1
328	338	4	6	1	2	3
329	373	6	8	2	2	3
330	126	12	15	1	3	2
331	491	5	8	3	2	3
332	257	17	20	2	3	1
333	390	4	5	2	3	1
334	208	7	8	2	1	3
335	366	4	6	3	3	1
336	228	9	12	3	3	2
337	470	6	9	2	1	1
338	16	21	24	1	3	1
339	77	20	21	3	3	2
340	192	17	18	2	3	1
341	427	7	9	1	2	1
342	78	17	18	3	2	3
343	96	13	14	3	3	1
344	200	19	21	2	1	1
345	106	21	22	3	3	1
346	482	14	17	1	3	2
347	118	1	2	3	1	1
348	198	18	19	1	1	1
349	20	3	5	3	3	1
350	137	12	15	1	1	1
351	364	13	14	1	1	3
352	31	9	12	2	3	2
353	433	14	17	3	3	1
354	128	2	4	1	2	3
355	184	8	11	2	2	3
356	204	17	19	1	3	1
357	204	3	4	1	3	2
358	422	6	9	1	1	1
359	120	15	16	1	3	1
360	148	2	3	3	2	3
361	45	3	6	1	1	2
362	53	15	17	3	2	2
363	297	16	19	2	2	1
364	402	5	8	3	2	2
365	323	8	11	2	1	2
366	320	9	12	1	3	1
367	304	16	18	2	3	2
368	325	4	6	3	3	1
369	141	2	3	3	3	1
370	478	9	11	1	1	3
371	425	21	22	1	1	3
372	122	2	5	3	1	1
373	328	16	17	1	3	2
374	278	14	15	3	3	2
375	371	19	22	1	2	1
376	288	10	13	3	2	2
377	125	1	2	3	2	1
378	223	19	20	3	1	1
379	480	11	12	2	1	3
380	359	4	5	1	1	2
381	161	3	4	1	2	2
382	280	5	6	1	2	1
383	312	17	19	1	3	2
384	27	9	10	2	1	1
385	379	4	5	2	2	1
386	97	14	16	3	2	3
387	342	11	14	1	3	2
388	15	15	18	2	1	1
389	274	5	7	2	3	2
390	389	8	10	3	3	1
391	95	15	17	2	1	1
392	193	9	12	2	1	1
393	146	10	11	1	3	2
394	467	20	22	3	3	1
395	461	19	22	3	3	1
396	319	16	17	2	2	2
397	7	18	20	1	3	2
398	308	8	10	2	1	2
399	84	11	14	1	1	1
400	375	7	9	1	3	1
401	361	11	13	3	3	1
402	444	1	3	3	1	1
403	300	11	13	2	2	2
404	103	14	16	3	3	2
405	348	10	12	2	1	2
406	414	8	9	3	2	2
407	374	9	11	1	3	1
408	147	8	10	3	1	1
409	264	3	4	3	3	1
410	165	14	15	1	2	2
411	14	15	18	3	3	2
412	186	1	4	1	2	1
413	399	2	4	2	2	3
414	486	15	17	1	2	2
415	432	3	6	3	2	2
416	327	5	7	1	1	2
417	37	3	5	1	1	1
418	169	10	13	3	2	3
419	405	10	13	2	1	1
420	54	10	12	1	2	3
421	87	15	17	3	2	1
422	435	18	20	1	1	1
423	454	2	5	2	2	2
424	307	11	12	1	3	1
425	138	5	7	2	1	1
426	101	4	6	3	1	3
427	184	21	23	2	3	1
428	357	11	12	3	2	1
429	443	21	24	1	3	2
430	256	10	11	3	2	2
431	406	13	14	1	3	2
432	24	19	20	1	3	1
433	206	18	21	2	2	2
434	306	15	18	2	2	1
435	40	8	11	2	2	3
436	13	12	14	2	2	3
437	259	13	16	3	3	1
438	354	2	4	2	3	1
439	82	3	5	1	3	2
440	22	9	11	2	3	2
441	36	16	19	3	2	3
442	131	18	20	3	1	2
443	150	17	18	3	1	2
444	111	18	21	1	3	2
445	412	16	17	2	3	1
446	69	13	16	1	3	2
447	178	15	18	1	3	1
448	102	8	11	2	2	2
449	224	5	7	3	3	2
450	263	6	9	1	1	1
451	426	7	9	1	1	1
452	350	9	11	3	2	3
453	254	3	4	3	2	3
454	404	6	9	1	2	2
455	17	12	14	1	1	2
456	6	19	21	1	1	3
457	156	5	7	1	3	1
458	140	17	19	1	3	2
459	367	6	7	3	1	2
460	383	2	5	3	3	1
461	251	7	8	2	2	1
462	316	8	9	3	2	1
463	176	16	19	2	1	2
464	209	16	17	3	2	3
465	2	17	20	1	1	1
466	473	6	8	2	2	1
467	145	9	12	1	1	3
468	416	19	21	2	1	1
469	179	2	5	1	3	1
470	74	15	17	2	3	2
471	108	18	21	1	3	1
472	139	1	2	2	3	2
473	132	3	5	2	1	3
474	353	14	16	3	2	3
475	201	16	18	3	1	1
476	417	21	22	1	2	1
477	233	20	22	2	1	3
478	289	9	10	2	1	2
479	293	19	20	2	2	1
480	110	10	13	1	3	1
481	317	17	20	3	1	3
482	172	11	12	2	1	1
483	276	4	5	1	3	2
484	221	2	4	2	2	1
485	409	2	4	1	1	2
486	66	14	17	1	1	1
487	93	17	20	1	2	3
488	196	1	4	1	1	1
489	472	4	6	2	3	1
490	58	14	16	3	3	2
491	349	6	9	2	2	3
492	25	11	12	1	3	2
493	15	3	6	3	2	3
494	358	23	24	1	3	2
495	1	19	22	3	2	1
496	376	2	3	3	3	1
497	403	16	18	2	1	3
498	104	14	15	1	3	2
499	10	15	17	3	3	1
500	387	14	16	1	2	1

