DATASET = co2020 case challenge part
NAME = vehicles over tools over vehicle days over distance with 300 requests over 20 days

DAYS = 20
CAPACITY = 50
MAX_TRIP_DISTANCE = 16000
DEPOT_COORDINATE = 0

VEHICLE_COST = 30000000
VEHICLE_DAY_COST = 1000
DISTANCE_COST = 1

TOOLS = 3
1	15	46	500000
2	3	54	100000
3	12	52	100000

COORDINATES = 298
0	3976	3992
1	7450	6132
2	9327	6163
3	5889	6188
4	8831	6201
5	3615	6225
6	8952	5934
7	8157	6164
8	6763	2339
9	7505	6526
10	8687	6544
11	7500	6549
12	7448	6550
13	8680	6552
14	7227	6628
15	7176	6649
16	7229	6662
17	8303	6792
18	8761	4240
19	7717	6857
20	3987	6892
21	7400	6912
22	3985	6932
23	8750	6934
24	6159	2263
25	9155	7015
26	3916	5560
27	4709	7025
28	6890	7028
29	8801	7069
30	4012	7073
31	8764	7077
32	8491	7142
33	4230	7160
34	8764	7171
35	7562	7181
36	8991	7182
37	6153	4367
38	4074	7243
39	4102	7253
40	5851	7285
41	8018	7325
42	4521	7332
43	7311	4371
44	5094	4335
45	3807	7532
46	3542	7541
47	8475	7633
48	9723	8785
49	7180	7757
50	5598	7768
51	5429	7774
52	7088	7791
53	8277	7806
54	7530	7806
55	6769	7808
56	5358	7841
57	5585	7847
58	8403	7862
59	8795	8424
60	2412	4430
61	7422	7978
62	7829	8448
63	7999	8108
64	5562	8126
65	8416	8128
66	7639	8156
67	5961	8208
68	6537	8302
69	5737	8315
70	7406	8426
71	5729	8460
72	4001	6528
73	7092	8522
74	6834	8524
75	6557	8534
76	5796	4530
77	5669	8565
78	5361	8593
79	8155	8651
80	5634	8686
81	7106	8854
82	6028	8920
83	4199	4593
84	7814	8948
85	5496	9020
86	7925	9021
87	7661	9031
88	5988	8624
89	6703	9090
90	6827	9099
91	6442	9218
92	8697	9241
93	8889	9252
94	6348	9281
95	7170	9290
96	9161	9292
97	6690	9322
98	7051	9331
99	6759	9346
100	8978	9361
101	9051	9362
102	8564	9426
103	6758	9490
104	8410	9495
105	6778	9519
106	6809	9521
107	8495	9631
108	5151	9677
109	6238	8773
110	6951	8774
111	7802	6058
112	7127	8862
113	5964	2861
114	5668	4817
115	7233	8833
116	8478	4852
117	3820	8478
118	8354	4859
119	6948	8681
120	4001	6894
121	4225	4892
122	7652	6950
123	7500	6962
124	7724	6506
125	4528	7106
126	5897	3112
127	8643	7175
128	8374	9204
129	6460	634
130	6426	664
131	8378	5249
132	6519	1009
133	6517	2164
134	8447	4967
135	4225	5332
136	7013	1399
137	7648	5371
138	3509	7380
139	6203	1627
140	6934	3387
141	6939	1741
142	4679	2983
143	7410	5448
144	4145	6597
145	5060	2126
146	5758	2132
147	5175	2176
148	7789	5478
149	6418	2339
150	6276	2366
151	4026	2376
152	6747	2413
153	4002	2459
154	3267	2497
155	6208	2519
156	5067	2539
157	6641	2604
158	6658	2654
159	3240	2715
160	3822	2737
161	3932	2752
162	5156	2757
163	683	2771
164	4137	2790
165	2256	2843
166	4947	2844
167	327	2861
168	2730	2908
169	2039	2920
170	5168	2950
171	2976	2971
172	5221	2994
173	6631	3003
174	3207	3042
175	6227	3059
176	2293	3061
177	6315	3114
178	5823	3118
179	3159	3131
180	6255	3135
181	4899	3142
182	4660	3165
183	6495	8634
184	5861	3186
185	6313	3208
186	5723	3268
187	3569	3280
188	3656	3339
189	4246	3367
190	5437	3405
191	5217	3414
192	2110	3416
193	3584	3505
194	7815	5695
195	4170	3581
196	6271	7716
197	4866	3643
198	3481	3727
199	5382	3768
200	4757	4252
201	5382	3828
202	5589	3898
203	6116	3933
204	5036	3977
205	9839	7873
206	3670	3997
207	3448	4039
208	3044	3781
209	5485	4052
210	5441	4107
211	9112	5800
212	6828	4154
213	6219	4164
214	4031	4186
215	4002	4212
216	4864	4216
217	6381	4219
218	4666	4272
219	5363	4342
220	8227	4236
221	7189	4405
222	6748	4417
223	3678	4464
224	5240	4482
225	8209	4502
226	8467	4505
227	8078	4531
228	5218	4538
229	8520	4539
230	4985	4564
231	8611	4616
232	3872	4629
233	8438	4634
234	4025	4649
235	4289	4651
236	8627	4653
237	7869	4655
238	8180	4658
239	8254	4708
240	6262	8001
241	5462	4734
242	8013	4746
243	8152	4773
244	5468	4775
245	3752	4850
246	3534	4859
247	8639	4897
248	7882	4912
249	8284	4929
250	7241	5098
251	3580	5134
252	3213	5144
253	4201	5147
254	8552	5185
255	3750	5223
256	7110	5230
257	8195	5242
258	8825	5246
259	7129	5251
260	8622	5252
261	7785	5285
262	3092	5335
263	7805	5336
264	5547	5391
265	8847	5392
266	7609	5409
267	6944	5430
268	7330	5436
269	8296	5501
270	4106	5510
271	4330	5517
272	7147	5518
273	6924	5538
274	4104	5581
275	7494	5612
276	7354	5613
277	6993	5614
278	8404	5620
279	7827	5631
280	8616	5633
281	7621	5654
282	7674	5716
283	9207	5733
284	9000	5762
285	8508	5831
286	7828	5837
287	9370	5858
288	5663	5888
289	9034	5908
290	9096	5950
291	9564	5970
292	8944	5991
293	9616	6000
294	7570	6060
295	4148	6065
296	6002	6094
297	8343	6126

REQUESTS = 300
1	190	14	17	2	2	3
2	64	17	18	2	3	2
3	253	6	7	1	2	1
4	13	8	10	2	3	3
5	151	13	15	3	2	2
6	1	13	16	2	3	1
7	297	1	2	3	3	1
8	146	3	4	1	2	1
9	236	12	14	2	2	1
10	230	15	17	1	1	1
11	215	7	9	3	3	3
12	140	13	15	3	2	3
13	244	12	14	3	2	1
14	241	15	16	3	1	1
15	135	12	15	3	1	1
16	209	15	17	1	3	2
17	51	15	17	2	1	1
18	107	6	8	2	2	1
19	210	8	11	1	1	3
20	196	12	15	2	1	1
21	21	6	9	2	3	3
22	69	7	9	3	1	3
23	233	5	6	3	1	3
24	37	6	9	3	1	3
25	283	5	8	3	1	1
26	48	13	16	2	1	2
27	153	11	12	3	1	1
28	226	10	12	3	3	2
29	172	7	9	2	1	3
30	20	12	15	2	2	3
31	261	15	18	2	3	2
32	281	14	17	2	1	3
33	145	7	10	2	3	3
34	81	2	3	1	2	1
35	220	11	13	2	1	3
36	259	9	12	1	3	1
37	111	2	3	2	2	1
38	268	15	18	2	2	3
39	144	2	4	2	2	2
40	154	8	9	2	2	3
41	246	13	15	2	1	3
42	231	13	14	3	2	1
43	41	1	3	3	1	1
44	138	14	16	1	1	2
45	130	12	13	2	2	2
46	245	7	8	2	2	2
47	122	4	7	2	1	1
48	19	11	12	3	2	2
49	180	8	9	2	1	2
50	184	7	8	3	3	2
51	285	2	4	1	2	2
52	255	15	16	3	2	2
53	58	6	8	2	1	1
54	132	11	13	3	2	1
55	290	10	12	1	3	3
56	66	8	10	3	1	2
57	167	9	11	3	2	3
58	127	7	9	1	1	2
59	103	4	6	1	1	1
60	177	15	16	1	2	1
61	89	2	3	1	1	1
62	266	9	10	1	1	1
63	288	1	2	3	1	3
64	237	10	13	2	1	1
65	44	16	17	3	2	1
66	2	4	5	2	3	3
67	101	10	13	2	2	3
68	186	3	5	3	2	1
69	102	15	16	3	1	1
70	96	5	6	2	3	2
71	63	8	10	2	1	3
72	271	5	6	1	3	1
73	74	4	5	2	1	2
74	14	11	14	3	1	1
75	256	4	5	1	2	1
76	136	10	11	2	1	2
77	291	11	13	3	3	1
78	100	12	15	2	2	2
79	211	1	3	1	1	1
80	76	11	14	2	2	3
81	208	2	5	2	2	2
82	276	10	11	3	2	1
83	245	13	16	2	3	3
84	179	2	4	3	1	1
85	125	13	14	2	1	2
86	258	14	15	3	3	1
87	195	7	10	1	1	1
88	207	12	13	3	2	3
89	183	4	7	2	1	2
90	83	14	15	3	2	2
91	188	13	15	2	3	2
92	165	5	7	1	2	2
93	265	13	15	3	1	1
94	8	13	14	1	1	1
95	162	10	11	3	3	2
96	42	4	6	3	1	3
97	95	10	12	1	3	2
98	134	5	6	1	3	2
99	24	15	16	3	3	1
100	56	14	15	3	2	3
101	181	13	14	1	3	3
102	113	3	6	2	3	3
103	106	17	18	1	3	1
104	270	10	11	2	3	2
105	39	5	8	1	3	1
106	117	7	10	3	3	3
107	86	16	17	2	1	3
108	129	3	6	3	2	2
109	171	10	13	3	2	2
110	182	8	9	1	3	2
111	116	8	11	3	1	2
112	25	3	6	3	1	2
113	214	6	9	3	2	2
114	49	4	7	3	3	3
115	294	5	6	1	1	3
116	97	4	6	2	1	3
117	173	2	3	3	2	1
118	223	9	12	3	3	3
119	82	15	18	2	3	3
120	46	6	8	1	1	1
121	185	2	4	2	1	3
122	124	10	12	3	1	1
123	47	4	7	2	2	1
124	295	11	12	2	2	2
125	251	15	18	2	2	1
126	260	11	14	3	2	3
127	53	3	4	3	2	1
128	72	2	3	2	1	2
129	137	12	14	2	3	2
130	161	7	10	1	2	2
131	239	4	5	1	1	1
132	68	8	11	2	1	1
133	94	2	4	3	1	2
134	279	5	6	1	3	2
135	247	8	11	2	3	1
136	248	2	4	3	1	2
137	292	5	6	1	2	3
138	36	10	12	3	2	3
139	4	3	5	3	1	2
140	158	6	9	2	3	2
141	108	10	11	1	3	3
142	99	12	14	1	3	3
143	229	5	8	1	1	2
144	43	12	14	2	2	1
145	55	8	10	1	1	2
146	147	14	16	3	1	1
147	170	5	6	2	3	2
148	93	2	4	2	1	2
149	272	6	7	1	1	3
150	65	9	11	3	1	3
151	274	6	9	3	1	2
152	254	6	7	1	3	1
153	61	11	13	3	2	1
154	189	5	6	3	3	1
155	169	4	5	2	3	3
156	224	8	9	3	3	1
157	115	9	11	1	1	3
158	194	9	10	1	1	1
159	119	3	4	2	3	1
160	34	17	18	1	2	2
161	31	12	14	2	3	2
162	257	9	12	1	1	3
163	192	14	15	2	1	1
164	277	11	14	1	1	1
165	263	4	7	1	3	1
166	22	14	15	2	1	2
167	197	5	7	2	3	3
168	296	15	18	1	2	3
169	164	10	11	3	1	3
170	225	3	4	1	1	2
171	80	18	19	1	3	3
172	273	4	6	2	2	2
173	275	11	12	3	3	1
174	191	12	15	1	2	3
175	110	5	6	1	3	1
176	62	13	16	3	3	3
177	33	9	11	3	2	2
178	7	2	4	3	2	3
179	203	12	13	3	1	2
180	155	7	9	2	3	2
181	159	15	18	2	2	1
182	240	12	15	1	2	1
183	193	12	13	3	3	3
184	278	7	8	2	3	1
185	71	3	4	3	2	1
186	11	12	13	3	1	1
187	40	1	3	2	1	1
188	143	3	6	2	3	3
189	262	5	7	3	1	3
190	92	12	14	3	2	3
191	227	4	5	2	1	2
192	15	15	16	1	2	1
193	6	13	14	3	1	1
194	282	9	11	3	3	2
195	293	15	16	1	1	3
196	149	7	10	3	3	3
197	205	15	16	1	3	3
198	28	14	16	2	2	3
199	50	7	9	1	2	3
200	26	13	14	1	3	1
201	30	7	8	2	3	3
202	104	9	10	3	1	3
203	57	5	8	3	3	2
204	199	1	3	2	3	2
205	52	3	4	2	3	3
206	77	3	5	3	2	2
207	133	14	16	1	3	1
208	75	9	10	3	2	2
209	54	15	17	1	1	3
210	156	4	6	1	2	1
211	74	8	10	3	3	1
212	112	12	13	2	3	2
213	32	3	4	3	1	1
214	221	15	18	2	1	1
215	176	1	4	3	3	2
216	67	4	5	2	3	1
217	17	5	8	1	3	1
218	166	17	19	1	3	1
219	228	6	7	1	3	1
220	168	8	11	2	2	3
221	121	3	5	3	1	3
222	142	6	8	1	2	3
223	212	5	7	2	2	3
224	287	18	19	1	3	1
225	79	6	7	2	3	2
226	249	7	9	2	1	1
227	9	16	18	1	2	2
228	90	4	6	2	2	2
229	131	15	18	2	2	3
230	152	15	17	2	2	2
231	213	4	5	3	3	3
232	219	15	16	3	1	3
233	201	11	12	3	3	3
234	118	2	4	1	3	2
235	59	16	19	1	1	3
236	38	5	7	3	2	1
237	70	13	16	3	2	1
238	235	1	4	3	3	2
239	178	5	6	1	2	1
240	88	14	16	3	3	2
241	109	14	15	2	2	2
242	289	7	9	2	3	2
243	243	4	7	3	2	3
244	73	11	12	1	2	2
245	35	4	5	2	1	2
246	204	2	3	2	1	2
247	27	4	6	3	1	2
248	3	13	14	3	3	2
249	114	10	13	1	2	1
250	284	6	7	3	3	3
251	18	15	17	3	3	2
252	120	4	6	3	3	2
253	238	3	5	2	2	3
254	85	17	18	1	1	3
255	12	4	7	2	1	2
256	148	11	12	1	1	3
257	105	5	6	3	1	1
258	174	10	11	3	3	3
259	87	11	14	2	1	1
260	10	10	13	2	2	1
261	98	10	11	2	3	3
262	187	13	15	1	2	2
263	200	12	14	3	2	3
264	286	6	9	1	3	1
265	216	15	18	2	2	2
266	202	4	6	2	1	1
267	252	11	12	2	2	3
268	5	6	9	1	2	2
269	126	5	7	1	3	2
270	218	5	7	3	1	1
271	250	12	13	2	3	3
272	23	15	17	2	1	1
273	150	9	11	1	1	2
274	157	11	14	3	2	2
275	198	6	7	2	1	2
276	280	11	13	1	1	1
277	112	3	6	1	3	3
278	160	2	5	2	3	2
279	175	5	6	3	1	1
280	123	11	12	1	1	1
281	60	7	9	3	3	2
282	232	2	4	2	1	3
283	206	14	17	1	1	1
284	234	13	14	3	3	1
285	78	3	5	1	2	2
286	139	4	5	1	3	2
287	141	11	14	2	2	1
288	45	11	13	1	3	3
289	128	15	18	1	1	1
290	242	2	3	1	2	3
291	267	4	5	2	3	2
292	91	10	13	2	1	2
293	222	3	6	3	2	2
294	84	4	6	3	2	3
295	163	6	8	3	3	2
296	16	1	2	3	3	1
297	264	3	5	3	1	2
298	269	12	15	3	1	2
299	217	4	7	2	2	1
300	29	10	13	2	2	1

