DATASET = co2020 case challenge part
NAME = vehicles over tools over vehicle days over distance with 100 requests over 10 days

DAYS = 10
CAPACITY = 45
MAX_TRIP_DISTANCE = 15000
DEPOT_COORDINATE = 0

VEHICLE_COST = 20000000
VEHICLE_DAY_COST = 3000
DISTANCE_COST = 1

TOOLS = 2
1	6	42	300000
2	12	40	300000

COORDINATES = 101
0	3917	6819
1	7660	6167
2	8208	6215
3	7538	6188
4	4220	6559
5	7192	6757
6	9459	6941
7	9168	7020
8	4742	7090
9	5029	3164
10	2288	4310
11	8058	7258
12	7388	7274
13	4260	7316
14	9425	7345
15	3810	7428
16	3547	7448
17	8612	7567
18	8287	7828
19	4189	7953
20	6281	8012
21	9984	8101
22	8904	8171
23	9048	8192
24	7520	8657
25	5802	8708
26	6318	8799
27	7100	9003
28	7884	4616
29	6827	9099
30	6705	9117
31	6360	9200
32	9466	9205
33	8738	9215
34	9142	9250
35	9189	9464
36	8985	9511
37	4078	6704
38	7819	9626
39	8551	4750
40	7429	4790
41	8165	6808
42	6451	319
43	7202	5248
44	5618	3292
45	7551	8967
46	6476	1195
47	6814	1256
48	5138	4182
49	6817	1872
50	6085	2191
51	5939	2228
52	6089	2231
53	2622	2503
54	4767	2900
55	3562	2940
56	5683	3052
57	4133	3076
58	4558	3221
59	6031	3249
60	6426	3285
61	2898	3293
62	6107	3492
63	5395	3598
64	6134	3705
65	5512	4016
66	3580	4156
67	5044	4191
68	6457	4206
69	4864	4216
70	7088	4245
71	3624	4256
72	8842	4271
73	6051	4305
74	3868	4315
75	8258	4316
76	8478	4335
77	2698	3841
78	8323	7999
79	7905	4452
80	8533	4642
81	4811	4693
82	7851	4892
83	8490	4922
84	4024	5038
85	4689	5072
86	8952	5085
87	5481	5133
88	4264	5218
89	3902	5104
90	8291	5355
91	9412	5427
92	8396	5712
93	8917	5764
94	8724	5832
95	9588	5845
96	7738	5958
97	8786	6008
98	8289	6012
99	8191	6015
100	8869	6121

REQUESTS = 100
1	76	7	8	2	2	1
2	12	2	4	3	2	3
3	19	6	8	1	2	3
4	16	6	7	3	1	2
5	96	6	9	1	1	2
6	32	2	3	3	1	3
7	83	1	2	2	1	2
8	44	2	4	1	1	3
9	22	3	5	1	1	2
10	11	2	5	1	2	3
11	81	6	7	1	1	1
12	80	1	2	3	1	1
13	59	4	5	1	2	3
14	79	4	7	2	1	3
15	2	2	3	1	1	1
16	43	2	4	1	2	2
17	84	1	2	2	2	1
18	29	1	4	1	1	2
19	77	3	6	1	1	3
20	14	5	7	1	1	1
21	89	3	5	3	2	3
22	33	3	6	3	1	3
23	97	2	4	3	2	2
24	68	5	8	2	1	1
25	93	3	4	3	1	1
26	31	4	7	2	1	2
27	41	4	6	1	2	2
28	26	2	3	1	1	2
29	38	4	7	1	2	3
30	86	5	6	1	1	1
31	48	5	8	1	2	2
32	46	1	4	2	1	3
33	54	2	4	3	2	2
34	95	3	4	3	2	1
35	69	3	6	2	2	3
36	7	3	6	1	2	2
37	85	1	2	3	1	2
38	23	1	2	1	2	3
39	70	3	5	3	2	2
40	42	4	5	3	2	1
41	73	6	9	1	2	3
42	45	1	2	1	2	1
43	82	1	4	1	2	1
44	56	5	7	1	1	3
45	50	4	5	1	2	3
46	52	4	7	3	1	1
47	67	3	5	1	1	2
48	15	6	9	1	1	3
49	3	3	4	2	2	3
50	51	7	8	1	2	1
51	39	3	6	1	2	2
52	47	1	2	2	2	2
53	27	4	6	2	1	1
54	53	4	5	3	1	2
55	18	5	7	2	2	3
56	34	4	7	2	2	2
57	71	6	7	2	2	1
58	98	3	6	1	1	3
59	21	4	7	3	2	1
60	92	6	7	3	1	1
61	6	4	6	2	2	3
62	40	1	3	3	2	1
63	63	4	6	3	2	3
64	75	6	7	3	2	3
65	8	5	7	3	1	1
66	24	7	8	2	1	3
67	30	4	7	3	1	2
68	57	3	5	3	1	1
69	72	3	6	2	1	3
70	61	4	7	2	2	1
71	91	2	5	3	1	1
72	55	3	6	3	1	1
73	49	2	4	3	1	3
74	20	4	5	3	1	2
75	9	1	3	3	1	2
76	4	4	7	1	1	1
77	28	5	6	3	2	3
78	25	1	2	3	1	2
79	10	1	2	3	2	3
80	64	7	8	2	2	3
81	35	4	7	3	1	2
82	90	7	9	1	1	1
83	87	1	2	2	1	1
84	60	4	7	1	1	3
85	99	5	7	1	1	1
86	17	2	4	1	1	2
87	65	4	5	3	2	2
88	100	5	7	3	1	2
89	88	1	4	3	2	3
90	13	2	3	1	2	1
91	36	1	4	2	1	1
92	1	1	4	2	1	3
93	62	2	5	3	1	2
94	66	6	8	2	2	2
95	94	4	7	2	2	1
96	5	1	2	2	1	3
97	58	3	4	1	2	2
98	74	1	4	1	1	2
99	37	1	3	1	1	3
100	78	4	7	1	1	3

