DATASET = co2020 case challenge part
NAME = tools over vehicles over vehicle days over distance with 100 requests over 10 days

DAYS = 10
CAPACITY = 50
MAX_TRIP_DISTANCE = 16000
DEPOT_COORDINATE = 0

VEHICLE_COST = 500000
VEHICLE_DAY_COST = 4000
DISTANCE_COST = 1

TOOLS = 5
1	9	30	40000000
2	9	14	50000000
3	6	16	50000000
4	15	28	50000000
5	9	24	30000000

COORDINATES = 100
0	5445	2890
1	9432	6187
2	3500	6242
3	8109	6259
4	8105	6278
5	7406	6292
6	7324	6371
7	8424	6471
8	8023	6961
9	9177	6997
10	4570	7041
11	4316	7136
12	8709	7190
13	6029	7271
14	3527	7281
15	7522	7297
16	7793	7324
17	3817	7378
18	5651	7651
19	6682	8406
20	8429	4405
21	6120	8058
22	5469	8117
23	7722	8360
24	8047	8427
25	8864	8461
26	8271	8512
27	9131	6013
28	7903	8954
29	9656	9039
30	3820	4614
31	6051	8623
32	8364	9260
33	6943	9340
34	7017	9519
35	6909	9562
36	4186	2814
37	2427	2853
38	8354	4859
39	8770	6891
40	6160	2903
41	3899	5109
42	6668	306
43	4867	3186
44	7300	5199
45	8652	5272
46	3935	5282
47	6848	1434
48	7397	7981
49	6005	1647
50	6559	1778
51	4951	1899
52	6702	2150
53	6059	2157
54	5892	2163
55	5426	3505
56	5666	2753
57	549	2772
58	2308	2894
59	5322	3039
60	5565	3402
61	3971	3403
62	7150	7692
63	6136	3557
64	4863	3695
65	4635	4025
66	4234	6662
67	5770	4080
68	4328	4197
69	8598	4389
70	7849	4398
71	8107	4407
72	7735	4435
73	8189	4502
74	7709	4552
75	4116	4572
76	8533	4642
77	8426	4669
78	8460	4730
79	8122	4764
80	5443	4856
81	7274	4956
82	7185	4977
83	3794	5082
84	5068	3959
85	4486	5145
86	3152	5188
87	3184	5216
88	8964	5270
89	3768	5288
90	7866	5342
91	8077	5393
92	7564	5413
93	3818	5489
94	7398	5577
95	9146	5677
96	4909	4058
97	8366	5913
98	7070	6001
99	8199	6105

REQUESTS = 100
1	19	2	3	2	4	3
2	40	4	5	3	4	1
3	30	5	8	2	4	1
4	88	7	9	1	2	1
5	20	2	4	3	1	3
6	59	3	4	2	5	3
7	93	1	4	1	5	3
8	47	5	6	3	3	2
9	24	4	6	3	5	2
10	31	3	5	3	1	1
11	46	5	6	3	5	3
12	8	2	3	3	1	2
13	48	1	3	3	4	3
14	44	6	8	2	4	1
15	38	1	3	2	5	2
16	78	3	6	2	1	2
17	22	4	7	2	5	2
18	43	1	4	3	4	3
19	23	3	6	2	5	2
20	65	2	5	1	4	1
21	6	5	6	2	4	1
22	16	5	6	1	5	3
23	92	7	8	2	4	1
24	1	3	6	2	1	3
25	49	4	7	3	5	3
26	57	4	5	2	5	3
27	71	2	5	2	2	2
28	13	4	7	3	4	2
29	78	1	4	2	5	2
30	89	3	6	2	2	1
31	87	4	6	2	3	2
32	96	3	5	2	5	1
33	61	4	7	3	4	1
34	50	4	6	3	4	3
35	68	4	6	3	3	1
36	27	1	4	3	4	3
37	5	2	5	2	2	3
38	63	7	8	2	5	3
39	90	5	8	2	4	3
40	39	3	5	3	1	2
41	56	7	8	2	5	1
42	84	4	7	1	4	2
43	29	2	4	3	1	2
44	7	3	6	2	5	2
45	21	1	2	3	5	1
46	26	5	7	3	5	1
47	83	1	3	3	4	3
48	41	6	8	1	5	1
49	67	4	6	3	3	1
50	9	3	6	3	2	2
51	14	4	6	3	4	1
52	91	6	8	2	4	1
53	32	3	5	2	3	3
54	58	3	6	3	1	3
55	17	3	5	2	1	2
56	33	5	6	1	4	1
57	42	5	7	3	3	2
58	3	1	3	1	1	1
59	94	1	3	1	1	3
60	35	5	8	2	3	3
61	82	2	4	1	3	2
62	75	2	3	2	3	1
63	18	2	5	1	4	3
64	85	1	3	2	3	1
65	74	6	8	1	1	2
66	45	2	5	3	2	2
67	64	1	3	1	3	3
68	98	4	5	3	1	3
69	36	4	6	2	4	3
70	77	7	8	2	1	3
71	69	4	7	3	2	1
72	60	3	6	2	1	1
73	12	8	9	1	1	3
74	2	3	6	2	4	3
75	95	4	7	1	5	1
76	15	5	6	3	4	1
77	10	2	3	3	4	3
78	73	1	4	1	3	2
79	11	2	3	2	5	2
80	62	4	7	3	2	3
81	66	4	7	3	1	3
82	34	1	3	2	1	3
83	55	3	5	1	2	3
84	86	4	7	3	1	2
85	72	1	2	1	3	1
86	4	1	2	3	3	3
87	80	2	5	3	1	2
88	70	6	8	2	4	3
89	37	4	7	3	1	2
90	99	2	3	1	5	1
91	53	5	8	1	4	3
92	52	4	5	2	4	2
93	81	6	7	3	5	1
94	51	6	7	3	3	3
95	97	2	5	1	5	3
96	25	7	8	2	1	3
97	79	6	7	3	5	1
98	76	3	6	3	2	1
99	54	2	3	1	5	3
100	28	2	5	2	1	1

