DATASET = co2020 case challenge part
NAME = tools over vehicle days over vehicles over distance with 100 requests over 10 days

DAYS = 10
CAPACITY = 50
MAX_TRIP_DISTANCE = 16000
DEPOT_COORDINATE = 0

VEHICLE_COST = 4000
VEHICLE_DAY_COST = 100000
DISTANCE_COST = 1

TOOLS = 4
1	3	30	10000000
2	9	20	40000000
3	9	30	50000000
4	3	22	20000000

COORDINATES = 100
0	5445	2890
1	4168	6326
2	3572	6410
3	3681	6554
4	8388	6713
5	3957	4266
6	8489	7042
7	4423	7299
8	7742	7378
9	6970	7551
10	8035	7667
11	8559	7736
12	7296	7912
13	8364	7936
14	7521	8068
15	9984	8101
16	5953	8481
17	7482	8226
18	5913	8272
19	6137	8286
20	5267	4402
21	5406	8466
22	6866	8728
23	5992	2562
24	8930	6018
25	7117	9020
26	8498	9172
27	7176	9253
28	8838	9345
29	6474	8742
30	8754	5956
31	4061	4816
32	2894	4829
33	4730	2844
34	7124	5010
35	5897	3112
36	5431	5123
37	7225	7147
38	7187	5168
39	6474	421
40	7854	5195
41	7910	5202
42	8492	5212
43	6903	1317
44	7558	4988
45	8884	6191
46	5754	1953
47	7229	1979
48	4846	2257
49	3319	2493
50	3061	2518
51	323	2919
52	6404	2948
53	4194	3137
54	4108	3365
55	5819	4243
56	4265	3584
57	5792	3741
58	4997	3839
59	6410	7757
60	5857	3941
61	4317	3964
62	5036	3977
63	3952	4053
64	4767	4089
65	4193	4125
66	3580	4156
67	5504	4201
68	4339	4237
69	4274	4260
70	8350	4277
71	7312	4357
72	6351	4391
73	4114	4572
74	8637	4657
75	4858	4712
76	6102	7900
77	7732	4725
78	4861	4814
79	8396	4813
80	4056	4863
81	4247	4888
82	7767	4935
83	9029	5028
84	3953	5055
85	4553	5130
86	8967	5194
87	7629	5220
88	8246	5340
89	7888	5496
90	9273	5511
91	7774	5580
92	4598	5690
93	4430	5694
94	8320	4646
95	9431	5879
96	7510	5896
97	8289	6012
98	8939	6032
99	7476	6040

REQUESTS = 100
1	45	2	5	3	3	3
2	81	6	7	1	1	1
3	89	2	5	2	3	2
4	53	7	8	2	3	1
5	59	1	4	2	3	3
6	64	6	8	2	3	2
7	4	7	9	1	3	1
8	51	6	7	2	3	3
9	36	4	7	3	3	2
10	32	3	4	2	3	3
11	56	5	8	1	4	2
12	35	7	8	2	1	1
13	60	1	2	3	3	3
14	63	3	5	3	4	3
15	87	3	5	3	1	3
16	52	3	4	1	4	3
17	37	1	3	1	2	2
18	65	1	4	2	3	3
19	30	2	4	2	1	3
20	79	5	8	1	4	3
21	88	1	3	2	3	3
22	62	3	4	3	2	2
23	84	5	6	1	4	1
24	94	2	3	3	1	1
25	93	4	7	1	3	1
26	47	5	7	1	2	3
27	46	3	5	1	4	3
28	24	6	7	3	1	1
29	29	2	5	2	4	1
30	74	6	8	2	3	3
31	31	1	2	2	3	1
32	39	3	4	3	4	2
33	40	3	4	1	1	3
34	7	5	8	2	1	2
35	76	3	4	1	3	2
36	78	5	8	1	1	3
37	66	3	5	2	2	1
38	83	1	4	1	3	2
39	3	1	4	2	4	1
40	95	3	6	3	2	3
41	41	1	3	3	4	1
42	19	1	4	1	2	1
43	38	6	7	2	2	3
44	73	3	4	1	2	2
45	70	7	9	1	1	3
46	5	1	4	3	1	1
47	86	5	8	2	4	3
48	67	7	9	1	1	3
49	49	4	7	2	3	1
50	26	1	4	1	3	2
51	21	3	4	2	3	3
52	61	3	6	3	2	1
53	1	3	6	2	3	3
54	27	6	8	2	1	3
55	85	1	4	2	4	3
56	72	2	5	1	4	1
57	10	2	4	2	1	3
58	90	4	7	3	2	1
59	14	4	7	2	4	2
60	15	2	4	2	1	3
61	42	5	6	2	1	2
62	97	6	7	3	4	3
63	91	1	4	3	3	1
64	50	3	5	3	1	2
65	82	4	7	3	2	1
66	8	6	8	1	4	3
67	34	3	5	2	3	1
68	69	8	9	1	4	1
69	58	6	7	2	3	3
70	2	4	6	2	3	2
71	25	1	3	2	1	3
72	43	6	7	3	2	1
73	9	1	4	3	2	2
74	71	3	6	3	4	2
75	57	2	5	1	4	2
76	76	7	8	1	1	3
77	16	5	7	2	2	3
78	33	3	5	1	2	2
79	77	3	6	2	1	3
80	23	3	6	2	4	2
81	12	5	7	3	4	1
82	48	1	4	3	3	2
83	17	3	6	2	3	1
84	28	2	5	3	1	1
85	75	4	6	2	4	1
86	55	3	5	3	3	2
87	68	2	4	3	3	1
88	13	1	4	3	2	3
89	96	4	7	2	2	2
90	80	3	6	3	1	1
91	6	3	6	3	4	2
92	18	5	6	2	2	2
93	99	2	5	3	4	2
94	20	3	6	1	4	2
95	44	4	7	2	2	2
96	11	2	4	1	4	2
97	92	3	6	1	1	1
98	98	2	4	1	1	1
99	22	2	5	2	4	1
100	54	2	5	2	1	2

