DATASET = co2020 case challenge part
NAME = tools over distance over vehicle days over vehicles with 100 requests over 10 days

DAYS = 10
CAPACITY = 45
MAX_TRIP_DISTANCE = 15000
DEPOT_COORDINATE = 0

VEHICLE_COST = 1
VEHICLE_DAY_COST = 1000
DISTANCE_COST = 200000

TOOLS = 5
1	9	22	40000000
2	6	20	10000000
3	6	16	50000000
4	6	24	50000000
5	3	28	10000000

COORDINATES = 101
0	3917	6819
1	9037	6199
2	4551	6246
3	6371	6283
4	4168	6326
5	8000	6168
6	8344	6390
7	3777	6522
8	4353	6540
9	6748	6560
10	8441	6600
11	5817	6737
12	8476	6814
13	4240	7014
14	7790	7152
15	7400	7331
16	7829	7363
17	3817	7378
18	3775	7520
19	6794	7537
20	2418	4366
21	4386	7590
22	8917	7680
23	7059	7692
24	4235	7943
25	5440	7964
26	7999	8108
27	6016	8181
28	3746	5068
29	8461	8465
30	9552	8539
31	8152	8539
32	4002	3610
33	5591	8615
34	7254	8667
35	7539	8840
36	7080	8889
37	5928	8899
38	4792	2588
39	7308	8962
40	7502	8971
41	7965	9022
42	6726	9044
43	7837	9046
44	7486	9130
45	7202	9235
46	8313	9297
47	7991	6673
48	8491	9461
49	8391	9478
50	7246	4951
51	4079	6984
52	3580	5011
53	3968	5112
54	6398	134
55	7059	5376
56	6550	9414
57	6535	1906
58	6896	2137
59	4733	2174
60	7012	2437
61	9553	5809
62	6086	3532
63	4137	2790
64	3822	2792
65	6756	7601
66	2685	3119
67	4811	3375
68	5580	3484
69	4872	3519
70	5103	3865
71	3942	3924
72	1895	3975
73	8062	4263
74	3852	4274
75	8192	4638
76	3777	4677
77	8118	4814
78	8589	4817
79	7484	4931
80	4050	5126
81	3525	5130
82	3158	5179
83	4244	5499
84	4024	5353
85	8862	6008
86	8735	5424
87	8853	5451
88	8590	5471
89	3818	5489
90	7074	5538
91	3817	5544
92	6744	5560
93	4345	5564
94	7703	5593
95	8523	5647
96	9066	5965
97	9326	6109
98	7779	6022
99	7290	6053
100	5293	6081

REQUESTS = 100
1	26	2	5	3	4	1
2	54	1	4	2	4	1
3	66	6	9	1	1	3
4	50	3	4	3	4	1
5	29	2	5	3	4	2
6	16	1	4	3	2	1
7	99	2	4	3	4	3
8	82	4	7	3	4	2
9	81	6	7	1	1	2
10	31	2	5	1	1	2
11	87	3	6	3	3	1
12	86	1	4	3	5	2
13	45	6	7	3	1	2
14	24	4	5	1	1	2
15	43	1	3	2	5	1
16	48	3	4	3	4	1
17	74	3	6	2	2	1
18	14	4	5	3	5	3
19	83	7	8	2	3	1
20	4	7	9	1	1	2
21	39	7	8	2	4	2
22	32	2	3	2	4	1
23	9	3	6	1	1	3
24	72	3	5	1	4	1
25	58	2	5	2	2	3
26	70	5	6	1	2	3
27	11	1	2	3	3	2
28	69	6	9	1	1	2
29	77	5	7	3	5	3
30	52	4	5	2	5	1
31	30	4	7	3	3	1
32	100	3	4	1	2	1
33	91	6	8	2	2	1
34	94	3	5	3	1	2
35	75	2	3	3	3	2
36	62	1	3	2	1	3
37	22	2	3	3	2	1
38	36	3	6	2	2	3
39	33	4	6	3	5	2
40	67	2	5	2	4	1
41	53	4	7	3	3	2
42	15	3	6	1	2	2
43	5	6	9	1	4	1
44	21	5	8	2	4	1
45	57	3	4	3	1	1
46	44	4	5	3	5	1
47	92	5	8	2	4	1
48	71	3	4	2	2	3
49	89	4	7	3	2	1
50	42	5	6	2	2	2
51	64	7	9	1	5	2
52	20	4	6	3	5	3
53	98	5	6	2	3	2
54	55	3	5	3	5	1
55	63	2	5	3	5	3
56	41	6	8	1	5	1
57	61	6	7	1	1	2
58	27	3	5	3	3	2
59	60	5	7	3	5	1
60	6	5	8	2	2	3
61	80	6	7	2	3	1
62	18	4	7	3	1	2
63	56	3	6	3	1	2
64	96	4	6	2	2	3
65	8	4	5	3	1	2
66	28	1	4	1	2	1
67	34	5	8	2	1	3
68	79	4	7	2	1	1
69	25	5	6	3	5	3
70	13	8	9	1	3	3
71	17	2	4	3	4	3
72	73	1	4	2	1	2
73	2	2	5	2	5	2
74	76	4	6	3	3	3
75	1	2	5	3	4	1
76	40	3	5	2	5	3
77	35	6	7	2	2	2
78	85	2	5	2	2	2
79	7	4	5	3	1	1
80	78	1	4	3	4	3
81	90	1	3	3	4	1
82	65	4	7	3	2	2
83	19	4	7	3	2	3
84	49	5	7	3	5	1
85	93	5	7	3	4	2
86	38	2	4	3	1	2
87	59	6	7	3	2	2
88	23	5	7	1	4	2
89	68	2	4	2	1	2
90	46	6	8	2	3	3
91	47	2	4	1	2	2
92	12	2	5	3	3	2
93	95	1	2	3	3	2
94	84	3	4	3	3	1
95	51	3	5	1	3	1
96	37	4	5	2	2	2
97	97	5	8	2	4	1
98	3	5	6	3	5	2
99	88	4	7	3	4	3
100	10	3	4	2	4	3

