DATASET = co2020 case challenge part
NAME = vehicle days over tools over vehicles over distance with 200 requests over 15 days

DAYS = 15
CAPACITY = 45
MAX_TRIP_DISTANCE = 16000
DEPOT_COORDINATE = 0

VEHICLE_COST = 4000
VEHICLE_DAY_COST = 10000000
DISTANCE_COST = 1

TOOLS = 3
1	9	44	400000
2	3	30	100000
3	6	40	100000

COORDINATES = 198
0	3976	3992
1	7465	6331
2	8195	6360
3	7275	6363
4	3479	6391
5	6763	2339
6	8033	6517
7	7287	6576
8	8177	6610
9	7804	6627
10	3883	4220
11	4130	6766
12	8480	6887
13	3930	6931
14	8750	6934
15	7598	6267
16	6907	7012
17	8754	7035
18	4515	4281
19	4528	2361
20	8923	7121
21	9316	7132
22	6657	7149
23	9124	7246
24	8214	7316
25	6998	7323
26	8524	7336
27	8102	7354
28	7852	7359
29	7829	7363
30	3817	7378
31	6583	7389
32	4177	7438
33	7309	7458
34	6565	7461
35	3857	7466
36	9561	7469
37	8979	7472
38	7710	7532
39	6530	7539
40	3733	7572
41	5816	7731
42	8410	7741
43	5620	7793
44	4142	7867
45	6934	7869
46	6094	7880
47	6480	7902
48	8549	8004
49	6275	8007
50	5372	8027
51	5971	8052
52	9017	4471
53	5444	8278
54	5391	8312
55	7414	8347
56	5589	8349
57	7042	8501
58	6679	8539
59	7485	8570
60	8624	8666
61	9861	8690
62	5738	8797
63	7293	8881
64	9854	8897
65	7903	8954
66	7706	8609
67	6233	9170
68	8269	9174
69	5700	8653
70	9142	9250
71	7909	9254
72	8861	9268
73	8930	9314
74	7344	9321
75	6921	9347
76	6725	9389
77	3878	4696
78	694	2732
79	7429	4790
80	8357	4825
81	5585	7873
82	6179	2937
83	9501	7643
84	4028	6956
85	5915	3076
86	2717	5083
87	4282	6546
88	4134	5157
89	6443	319
90	7694	6541
91	3606	7183
92	7300	5199
93	3324	3241
94	6774	1324
95	6397	9345
96	5603	3361
97	8107	5415
98	1385	1953
99	5145	2014
100	5781	2160
101	8260	5799
102	1699	2209
103	4850	2222
104	7296	7005
105	6518	7502
106	5014	2370
107	4879	2379
108	4127	2545
109	4968	2559
110	4543	3536
111	3247	2649
112	6730	2658
113	8436	5556
114	2657	2691
115	3539	2746
116	2955	2789
117	2482	2868
118	2308	2894
119	2512	2917
120	6388	2930
121	5149	2971
122	3834	7616
123	1198	3044
124	757	3046
125	5981	3064
126	6647	3068
127	5410	3202
128	6534	3228
129	5230	3408
130	6070	3409
131	3970	3502
132	4847	3653
133	4839	3664
134	5987	3689
135	5626	3776
136	5808	3826
137	4463	3829
138	5696	3845
139	2357	3927
140	5562	3959
141	4343	3987
142	3615	3990
143	5961	4009
144	3497	4042
145	4281	4049
146	4888	4072
147	3209	4183
148	8807	4222
149	8193	4232
150	8504	4308
151	4162	4331
152	2341	4341
153	3663	4348
154	8642	4384
155	3764	4491
156	8074	4495
157	8078	4531
158	8552	4568
159	4313	4612
160	8795	4647
161	8822	4652
162	5125	5897
163	5280	4771
164	5608	4800
165	5644	4838
166	5443	4856
167	5563	4892
168	5863	4894
169	3216	4917
170	3175	4981
171	7015	5942
172	7143	5033
173	3239	5080
174	9018	5089
175	4105	5108
176	3206	5212
177	7692	5228
178	8697	5302
179	7891	5378
180	4239	5398
181	7543	5420
182	7330	5436
183	8853	5451
184	8272	5504
185	7758	5511
186	8621	5565
187	7149	5627
188	4309	5633
189	6550	8720
190	6997	5792
191	8269	5880
192	7510	5896
193	7631	6027
194	7595	8120
195	7354	6072
196	4270	6121
197	8857	6130

REQUESTS = 200
1	192	2	4	2	1	3
2	190	5	7	1	1	3
3	29	6	7	1	3	1
4	135	6	9	2	1	2
5	3	3	4	2	1	3
6	157	2	3	1	2	3
7	76	7	8	3	3	3
8	131	4	5	2	3	2
9	96	8	11	2	2	3
10	108	4	7	2	1	3
11	139	3	5	3	3	3
12	174	8	10	1	3	3
13	168	10	11	2	3	3
14	10	8	11	3	1	3
15	162	8	9	1	1	2
16	144	2	5	1	3	1
17	64	10	11	1	1	2
18	191	10	12	1	3	3
19	145	3	4	3	1	2
20	70	5	8	1	2	1
21	82	4	5	1	1	3
22	15	1	3	2	1	1
23	1	8	11	1	2	1
24	9	1	3	3	1	2
25	177	8	10	2	1	2
26	35	9	12	1	3	2
27	97	2	5	1	2	2
28	195	7	10	2	1	2
29	185	7	8	1	2	1
30	13	5	8	3	1	2
31	172	7	9	3	3	2
32	114	3	6	2	3	1
33	72	13	14	1	1	3
34	106	9	11	1	2	1
35	90	7	9	1	2	2
36	60	2	5	3	1	1
37	100	9	11	3	3	2
38	175	6	9	1	2	1
39	107	7	9	1	1	1
40	180	2	4	1	2	2
41	14	1	3	1	1	2
42	116	2	4	3	2	3
43	108	4	6	2	2	1
44	186	3	4	3	2	2
45	184	3	6	1	2	1
46	87	2	3	2	2	1
47	11	3	6	2	1	3
48	194	6	9	3	2	1
49	169	5	7	1	2	2
50	133	11	12	3	2	3
51	95	9	11	3	2	1
52	7	8	9	3	3	3
53	49	1	3	3	3	2
54	26	7	9	1	3	1
55	39	2	5	3	2	2
56	120	6	8	3	2	2
57	71	9	11	3	1	3
58	105	10	13	1	3	3
59	73	1	2	2	1	2
60	122	9	10	2	3	2
61	63	8	10	1	3	3
62	36	4	5	2	3	3
63	50	7	9	3	3	3
64	56	2	3	1	3	3
65	77	7	8	2	1	1
66	80	5	7	3	3	2
67	136	3	5	2	2	1
68	125	11	13	1	1	2
69	138	9	11	3	1	3
70	179	2	4	3	2	3
71	123	7	8	3	3	1
72	165	8	11	1	3	2
73	62	2	4	2	2	1
74	176	2	3	3	3	3
75	163	1	4	3	1	3
76	4	1	4	1	3	3
77	38	6	9	1	2	2
78	47	10	12	2	3	2
79	126	3	6	2	1	1
80	37	4	6	1	1	3
81	118	8	10	1	2	3
82	196	9	12	3	3	3
83	86	10	13	2	3	3
84	187	5	6	2	3	1
85	65	5	6	2	2	1
86	16	1	2	1	1	2
87	166	9	12	3	3	3
88	99	9	11	3	2	3
89	130	5	7	1	1	2
90	167	1	3	2	3	3
91	101	2	5	2	3	1
92	81	4	6	1	1	2
93	102	1	3	2	2	2
94	48	7	8	3	2	3
95	21	11	12	1	3	2
96	149	4	7	1	2	3
97	53	11	12	2	3	2
98	132	9	11	1	2	3
99	17	9	11	3	2	2
100	85	9	11	2	1	2
101	80	11	12	3	2	1
102	189	6	8	2	2	3
103	197	8	10	2	3	3
104	154	4	6	3	1	2
105	59	7	10	1	2	1
106	98	10	13	2	2	1
107	44	2	4	1	1	3
108	111	6	9	2	1	1
109	31	6	8	2	1	2
110	43	3	5	3	2	2
111	92	2	5	2	1	3
112	181	10	12	2	2	3
113	150	12	14	1	3	1
114	103	8	9	1	3	1
115	5	8	11	1	1	3
116	183	3	6	1	1	3
117	79	4	7	2	3	2
118	27	9	12	1	3	1
119	61	9	12	2	2	3
120	104	2	3	3	3	3
121	54	7	8	3	1	1
122	23	4	7	2	2	3
123	30	1	3	2	1	3
124	67	6	8	3	1	2
125	6	5	8	3	2	3
126	159	10	11	2	2	2
127	110	9	12	3	3	1
128	182	1	2	1	2	1
129	161	1	3	1	1	1
130	69	1	4	2	1	2
131	57	6	9	1	1	3
132	178	5	8	1	3	3
133	68	1	3	3	3	2
134	20	7	10	1	2	2
135	171	3	6	1	2	3
136	140	3	4	3	3	1
137	93	2	5	3	1	1
138	40	7	8	2	3	3
139	156	2	4	3	1	3
140	84	5	8	3	1	3
141	8	11	14	1	3	1
142	75	10	12	2	1	2
143	117	2	5	3	3	3
144	134	7	9	1	2	3
145	147	2	5	1	1	3
146	2	5	8	1	2	1
147	52	5	6	3	1	2
148	151	6	9	3	3	1
149	152	3	5	3	3	3
150	121	7	10	3	3	2
151	146	6	8	2	2	3
152	58	4	6	3	2	2
153	32	6	7	3	3	3
154	94	3	6	2	1	1
155	33	3	6	1	3	3
156	148	9	11	1	2	2
157	41	11	12	3	1	1
158	28	2	5	1	3	2
159	142	7	9	1	3	2
160	24	5	7	2	1	2
161	170	5	8	3	2	1
162	46	11	12	1	1	3
163	25	7	8	2	2	1
164	193	1	4	2	3	1
165	113	10	12	1	2	2
166	78	5	7	2	3	2
167	173	3	4	3	3	2
168	19	5	7	1	2	3
169	12	6	8	1	3	3
170	112	8	10	3	2	3
171	91	4	6	3	3	3
172	34	8	10	3	3	3
173	74	3	6	1	1	3
174	115	7	8	3	2	2
175	55	10	11	1	2	1
176	158	6	8	3	3	1
177	66	3	4	2	2	3
178	89	1	3	2	3	3
179	141	7	10	2	1	1
180	83	12	13	2	1	1
181	129	13	14	1	1	2
182	51	7	10	1	1	2
183	124	3	4	3	1	3
184	127	5	8	2	3	1
185	18	3	6	1	1	1
186	188	6	8	3	3	1
187	164	6	8	1	3	1
188	143	4	6	1	1	3
189	45	10	13	2	3	3
190	161	7	8	1	1	1
191	109	1	3	3	1	1
192	88	10	11	3	1	3
193	160	8	9	2	2	1
194	137	5	8	2	1	1
195	119	5	6	2	1	2
196	128	4	5	1	3	2
197	155	2	3	3	1	2
198	42	7	10	3	3	3
199	153	9	10	3	2	3
200	22	1	4	3	3	1

